frame,player_id,landmark_index,x_norm,y_norm,visibility
1,1,0,-0.016460765968125814,-1.3168612774500652,0.998036563396454
1,1,1,-0.07407344685656617,-1.3827043413225684,0.9978799819946288
1,1,2,-0.08230382984062908,-1.3909347243066315,0.9977858066558838
1,1,3,-0.057612680888440355,-1.3909347243066315,0.9982314705848694
1,1,4,-0.057612680888440355,-1.3744739583385055,0.9979657530784608
1,1,5,-0.057612680888440355,-1.3744739583385055,0.9974992275238036
1,1,6,-0.057612680888440355,-1.3744739583385055,0.9978845119476318
1,1,7,-0.024691148952188723,-1.3744739583385055,0.9972208738327026
1,1,8,-0.03292153193625163,-1.349782809386317,0.9969695210456848
1,1,9,0.0,-1.259248596561625,0.9956881999969482
1,1,10,0.0,-1.259248596561625,0.9958643913269044
1,1,11,0.0,-1.0123371070397376,0.9986395239830016
1,1,12,-0.008230382984062907,-0.987645958087549,0.9989899396896362
1,1,13,0.0987645958087549,-0.5432052769481519,0.5492003560066223
1,1,14,0.07407344685656617,-0.4197495321872083,0.5673637390136719
1,1,15,0.26337225549001303,-0.7901167664700391,0.6186346411705017
1,1,16,0.444440681139397,-0.6995825536453472,0.5959325432777405
1,1,17,0.4032887662190825,-0.8724205963106682,0.6261756420135498
1,1,18,0.5761268088844035,-0.798347149454102,0.585485577583313
1,1,19,0.41151914920314536,-0.9135725112309827,0.6247314810752869
1,1,20,0.5432052769481519,-0.8641902133266053,0.5810875296592712
1,1,21,0.4032887662190825,-0.897111745262857,0.6132803559303284
1,1,22,0.47736221307564863,-0.8559598303425424,0.5690051317214966
1,1,23,-0.04938229790437745,-0.008230382984062907,0.99479341506958
1,1,24,0.04938229790437745,0.008230382984062907,0.9951089024543762
1,1,25,0.07407344685656617,0.6995825536453472,0.6207528114318848
1,1,26,0.11522536177688071,0.7818863834859762,0.6769704222679138
1,1,27,0.14814689371313233,1.3004005114819395,0.6088453531265259
1,1,28,0.0,1.5390816180197637,0.6682418584823608
1,1,29,0.04938229790437745,1.506160086083512,0.6066676378250122
1,1,30,-0.14814689371313233,1.687228511732896,0.650578498840332
1,1,31,0.13168612774500651,1.4567777881791346,0.6582134366035461
1,1,32,0.1975291916175098,1.6625373627807074,0.6712609529495239
1,2,0,-0.1149115108015961,-1.3502102519187542,0.99821674823761
1,2,1,-0.06566372045805492,-1.4158739723768092,0.9980770945549012
1,2,2,-0.04924779034354119,-1.4158739723768092,0.9979920983314514
1,2,3,-0.008207965057256865,-1.4158739723768092,0.9983962774276732
1,2,4,-0.10670354574433924,-1.4158739723768092,0.9981474876403807
1,2,5,-0.10670354574433924,-1.4158739723768092,0.9977208375930786
1,2,6,-0.1149115108015961,-1.424081937434066,0.9980718493461608
1,2,7,0.09849558068708238,-1.3830421121477816,0.9974865913391112
1,2,8,-0.041039825286284325,-1.3912500772050385,0.9972187280654908
1,2,9,-0.08207965057256865,-1.2763385664034423,0.9960910677909852
1,2,10,-0.1149115108015961,-1.2927544965179563,0.9962276220321656
1,2,11,0.24623895171770593,-1.0054757195139659,0.9987544417381288
1,2,12,-0.09849558068708238,-0.9890597893994522,0.9987241625785828
1,2,13,0.05745575540079805,-0.5458296763075815,0.5930544137954712
1,2,14,-0.09028761562982551,-0.44733409562049914,0.5197746753692627
1,2,15,-0.22161505654593533,-0.8495243834260855,0.654222309589386
1,2,16,-0.21340709148867848,-0.5212057811358108,0.5560451149940491
1,2,17,-0.3201106372330177,-0.939811999055911,0.6587886810302734
1,2,18,-0.23803098666044908,-0.5212057811358108,0.5500956773757935
1,2,19,-0.29548674206124714,-0.997267754456709,0.6572164297103882
1,2,20,-0.2298230216031922,-0.5868695015938659,0.5454525351524353
1,2,21,-0.2544469167749628,-0.9890597893994522,0.6451496481895447
1,2,22,-0.14774337103062357,-0.7181969425099757,0.5355883240699768
1,2,23,0.09849558068708238,-0.004103982528628433,0.9952353239059448
1,2,24,-0.09849558068708238,0.004103982528628433,0.9952979683876038
1,2,25,0.041039825286284325,0.8577323484833423,0.6532089114189148
1,2,26,-0.041039825286284325,0.7838606629680306,0.6672495007514954
1,2,27,0.15595133608788042,1.7441925746670837,0.6409470438957214
1,2,28,0.09849558068708238,1.5389934482356622,0.6610234975814819
1,2,29,0.21340709148867848,1.8919359456977072,0.6211248636245728
1,2,30,0.1395354059733667,1.6949447843235426,0.6357194781303406
1,2,31,-0.1395354059733667,1.908351875812221,0.6816243529319763
1,2,32,-0.041039825286284325,1.7113607144380563,0.6666675806045532
2,1,0,0.012381481467403466,-1.341327158968709,0.9968224167823792
2,1,1,0.04539876538047938,-1.3991074058165918,0.9965012669563292
2,1,2,0.07016172831528632,-1.3991074058165918,0.9964780211448668
2,1,3,0.08667037027182427,-1.3991074058165918,0.9971237182617188
2,1,4,0.012381481467403466,-1.3991074058165918,0.9961971640586852
2,1,5,0.004127160489134489,-1.3991074058165918,0.99538391828537
2,1,6,-0.004127160489134489,-1.4073617267948608,0.9957921504974364
2,1,7,0.061907407337017335,-1.3743444428817848,0.9958051443099976
2,1,8,-0.020635802445672445,-1.3908530848383227,0.9944546818733216
2,1,9,0.04539876538047938,-1.283546912120826,0.994300901889801
2,1,10,0.012381481467403466,-1.283546912120826,0.9940112829208374
2,1,11,0.13619629614143813,-1.0028999988596807,0.9987098574638368
2,1,12,-0.0371444444022104,-0.9946456778814119,0.9986848831176758
2,1,13,0.17746790103278304,-0.557166666033156,0.5759912133216858
2,1,14,0.0371444444022104,-0.43335185135912135,0.5617992281913757
2,1,15,0.3673172835329695,-0.8955938261421841,0.6573852300643921
2,1,16,0.35080864157643155,-0.7305074065768046,0.5896339416503906
2,1,17,0.4911320982070042,-0.9533740729900669,0.6605628132820129
2,1,18,0.49938641918527316,-0.8130506163594944,0.5806015729904175
2,1,19,0.47462345625046626,-0.9863913569031428,0.659482479095459
2,1,20,0.4498604933156593,-0.8625765422291082,0.5761421322822571
2,1,21,0.4085888884243144,-0.9698827149466049,0.6463796496391296
2,1,22,0.40033456744604545,-0.8790851841856462,0.5648056864738464
2,1,23,0.04539876538047938,-0.004127160489134489,0.9950472712516784
2,1,24,-0.04539876538047938,0.004127160489134489,0.9948628544807434
2,1,25,0.185722222011052,0.7717790114681494,0.6010603904724121
2,1,26,0.07016172831528632,0.7717790114681494,0.6366464495658875
2,1,27,0.1444506171197071,1.4568876526644747,0.5896716713905334
2,1,28,0.12794197516316916,1.5476851834254335,0.6175627112388611
2,1,29,0.04539876538047938,1.7375345659256198,0.5812762379646301
2,1,30,0.020635802445672445,1.688008640056006,0.6013428568840027
2,1,31,0.08667037027182427,1.646737035164661,0.6340361833572388
2,1,32,0.10317901222836223,1.704517282012544,0.624261736869812
2,2,0,-0.12315578097875186,-1.3752395542627291,0.9971070289611816
2,2,1,-0.0574726977900842,-1.4327122520528133,0.9968233108520508
2,2,2,-0.03284154159433383,-1.4327122520528133,0.996802031993866
2,2,3,0.0,-1.4327122520528133,0.9973884224891664
2,2,4,-0.09852462478300149,-1.4409226374513968,0.9965362548828124
2,2,5,-0.10673501018158495,-1.4409226374513968,0.9957955479621888
2,2,6,-0.1149453955801684,-1.4491330228499804,0.996170163154602
2,2,7,0.09852462478300149,-1.3998707104584796,0.9961962699890136
2,2,8,-0.041051926992917286,-1.42450186665423,0.9949131608009338
2,2,9,-0.07389346858725111,-1.301346085675478,0.9948127269744872
2,2,10,-0.12315578097875186,-1.317766856472645,0.9944957494735718
2,2,11,0.23810117655892027,-1.0057722113264735,0.998802900314331
2,2,12,-0.09852462478300149,-0.9893514405293067,0.9982489347457886
2,2,13,0.09031423938441803,-0.5624113998029668,0.6173160076141357
2,2,14,-0.14778693717450223,-0.49672831661429917,0.5192757248878479
2,2,15,-0.2627323327546706,-0.8744060449491382,0.689755916595459
2,2,16,-0.27915310355183753,-0.8333541179562209,0.5617302656173706
2,2,17,-0.3612569575376721,-0.9482995135363893,0.6908624172210693
2,2,18,-0.3694673429362556,-0.8908268157463052,0.5540933012962341
2,2,19,-0.3448361867405052,-0.9975618259278901,0.6895745396614075
2,2,20,-0.3530465721390887,-0.9565098989349728,0.5486798882484436
2,2,21,-0.32020503054475485,-0.9811410551307231,0.676259458065033
2,2,22,-0.29557387434900445,-0.9400891281378059,0.5386006236076355
2,2,23,0.13957655177591877,-0.012315578097875186,0.995265245437622
2,2,24,-0.13957655177591877,0.012315578097875186,0.9946014881134032
2,2,25,0.07389346858725111,0.8826164303477216,0.638313889503479
2,2,26,-0.09031423938441803,0.8251437325576375,0.6425212621688843
2,2,27,0.1724180933702526,1.7529172825975683,0.6265602111816406
2,2,28,0.10673501018158495,1.514816106038648,0.6236376762390137
2,2,29,0.23810117655892027,1.9171249905692374,0.6033680438995361
2,2,30,0.18062847876883606,1.6543926578145667,0.5998985171318054
2,2,31,-0.13957655177591877,1.9171249905692374,0.6640494465827942
2,2,32,-0.09031423938441803,1.695444584807484,0.635271430015564
3,1,0,0.08546696378833459,-1.3802914651816034,0.9971714019775392
3,1,1,0.11965374930366841,-1.448665036212271,0.996891438961029
3,1,2,0.1452938384401688,-1.448665036212271,0.9968300461769104
3,1,3,0.17948062395550263,-1.448665036212271,0.9973990321159364
3,1,4,0.08546696378833459,-1.448665036212271,0.9966174960136414
3,1,5,0.08546696378833459,-1.448665036212271,0.995876967906952
3,1,6,0.07692026740950113,-1.4572117325911047,0.9962352514266968
3,1,7,0.12820044568250188,-1.4144782506969373,0.9962034225463868
3,1,8,-0.008546696378833459,-1.4230249470757708,0.9950555562973022
3,1,9,0.11965374930366841,-1.3119178941509357,0.994899570941925
3,1,10,0.06837357103066767,-1.3204645905297694,0.9946458339691162
3,1,11,0.06837357103066767,-1.0042368245129314,0.9987306594848632
3,1,12,-0.05128017827300075,-0.9956901281340979,0.9983431696891784
3,1,13,0.24785419498617028,-0.6452755766019261,0.5911901593208313
3,1,14,0.05128017827300075,-0.47434164902525694,0.5641943216323853
3,1,15,0.4187881225628394,-0.9444099498610972,0.6883130669593811
3,1,16,0.35041455153217177,-0.8418495933150957,0.5992286801338196
3,1,17,0.5128017827300075,-1.0127835208917648,0.6884113550186157
3,1,18,0.45297490807817326,-0.9358632534822636,0.5885270237922668
3,1,19,0.4700683008358402,-1.0469703064070985,0.687443733215332
3,1,20,0.410241426184006,-0.9956901281340979,0.5831614136695862
3,1,21,0.43588151532050634,-1.0298769136494317,0.6741034984588623
3,1,22,0.37605464066867217,-0.978596735376431,0.5717280507087708
3,1,23,0.06837357103066767,-0.012820044568250187,0.9951453804969788
3,1,24,-0.06837357103066767,0.012820044568250187,0.9945890307426452
3,1,25,0.2649475877438372,0.756382629526761,0.5990729331970215
3,1,26,0.09401366016716804,0.8589429860727625,0.6550873517990112
3,1,27,0.19657401671316954,1.4401183398334376,0.5931839346885681
3,1,28,0.034186785515333835,1.6366923565466072,0.6326238512992859
3,1,29,0.09401366016716804,1.6452390529254406,0.582807719707489
3,1,30,-0.1025603565460015,1.7819861949867761,0.6038474440574646
3,1,31,0.23930749860733683,1.6452390529254406,0.6385417580604553
3,1,32,0.17093392757666917,1.8076262841232764,0.637722909450531
3,2,0,-0.05755423040241964,-1.3771905132007556,0.9974290132522584
3,2,1,-0.016444065829262753,-1.4429667765178067,0.997178316116333
3,2,2,0.008222032914631376,-1.4429667765178067,0.9971216917037964
3,2,3,0.04111016457315688,-1.4429667765178067,0.9976392388343812
3,2,4,-0.06577626331705101,-1.4511888094324379,0.9969274997711182
3,2,5,-0.06577626331705101,-1.4511888094324379,0.9962531328201294
3,2,6,-0.08222032914631376,-1.4594108423470693,0.9965819716453552
3,2,7,0.11510846080483927,-1.410078644859281,0.9965636134147644
3,2,8,-0.05755423040241964,-1.4265227106885439,0.9954824447631836
3,2,9,-0.02466609874389413,-1.3031922169690733,0.9953562021255492
3,2,10,-0.07399829623168239,-1.3114142498837045,0.9951038956642152
3,2,11,0.2137728557804158,-1.0071990320423436,0.9988279938697816
3,2,12,-0.12333049371947065,-0.9907549662130809,0.9981815814971924
3,2,13,0.1068864278902079,-0.6618736496278258,0.6313062906265259
3,2,14,-0.1397745595487334,-0.4974329913351983,0.5254614949226379
3,2,15,-0.2466609874389413,-0.9414227687252926,0.7166951298713684
3,2,16,-0.19732878995115305,-0.7194278800302455,0.5705751776695251
3,2,17,-0.33710334949988646,-1.0236430978716065,0.7139473557472229
3,2,18,-0.2713270861828354,-0.8427583737497161,0.5604934692382812
3,2,19,-0.3206592836706237,-1.056531229530132,0.7127230167388916
3,2,20,-0.2466609874389413,-0.8838685383228729,0.5545753836631775
3,2,21,-0.29599318492672955,-1.0236430978716065,0.6991406083106995
3,2,22,-0.22199488869504716,-0.8674244724936102,0.544570803642273
3,2,23,0.12333049371947065,-0.012333049371947066,0.9953199028968812
3,2,24,-0.12333049371947065,0.012333049371947066,0.9945725202560424
3,2,25,0.1068864278902079,0.8509804066643475,0.6345906257629395
3,2,26,-0.04111016457315688,0.8920905712375043,0.6532425284385681
3,2,27,0.18088472412189027,1.7389599614445361,0.6248731017112732
3,2,28,0.1726626912072589,1.6320735335543282,0.6366413831710815
3,2,29,0.2466609874389413,1.886956553907901,0.6015303730964661
3,2,30,0.2548830203535727,1.7965141918469558,0.6053117513656616
3,2,31,-0.09044236206094514,1.9034006197371636,0.6631165146827698
3,2,32,-0.016444065829262753,1.8129582576762184,0.6446120738983154
4,1,0,0.08712492981451359,-1.3649572337607128,0.9970155954360962
4,1,1,0.08712492981451359,-1.4313381326670087,0.9966872334480286
4,1,2,0.1037201545410876,-1.4313381326670087,0.9966384768486024
4,1,3,0.12031537926766162,-1.4313381326670087,0.9971618056297302
4,1,4,0.04563686799807854,-1.4313381326670087,0.9963807463645936
4,1,5,0.037339255634791534,-1.4313381326670087,0.9956820011138916
4,1,6,0.012446418544930511,-1.439635745030296,0.9959676265716552
4,1,7,0.08712492981451359,-1.3981476832138608,0.996041476726532
4,1,8,-0.029041643271504526,-1.4064452955771478,0.994962215423584
4,1,9,0.1037201545410876,-1.2985763348544166,0.9947296977043152
4,1,10,0.05393448036136555,-1.2985763348544166,0.994553565979004
4,1,11,0.08712492981451359,-0.9915646774127974,0.9987072944641112
4,1,12,-0.05393448036136555,-1.0081599021393715,0.9982678294181824
4,1,13,0.17839866581067065,-0.6347673457914561,0.6044650673866272
4,1,14,0.004148806181643504,-0.4771127108890029,0.5687294602394104
4,1,15,0.38583897489284585,-0.9417790032330754,0.700603187084198
4,1,16,0.3277556883498368,-0.7841243683306223,0.6010390520095825
4,1,17,0.46881509852571596,-1.0164575145026584,0.6987817883491516
4,1,18,0.4273270367092809,-0.8919933290533533,0.5866362452507019
4,1,19,0.46051748616242894,-1.0413503515925195,0.698309063911438
4,1,20,0.4024341996194199,-0.9500766155963624,0.5809198021888733
4,1,21,0.41073181198270686,-1.0164575145026584,0.6856440901756287
4,1,22,0.3692437501662718,-0.9251837785065014,0.5693985223770142
4,1,23,0.062232092724652556,-0.004148806181643504,0.9952569007873536
4,1,24,-0.062232092724652556,0.004148806181643504,0.9944819808006288
4,1,25,0.25307717708025373,0.7426363065141872,0.5974835753440857
4,1,26,0.08712492981451359,0.8173148177837702,0.6624375581741333
4,1,27,0.16180344108409664,1.4230405203037217,0.590857744216919
4,1,28,0.07052970508793957,1.638778441749184,0.6379178166389465
4,1,29,0.05393448036136555,1.688564115928906,0.5808942914009094
4,1,30,-0.05393448036136555,1.779837851925063,0.6064682602882385
4,1,31,0.17839866581067065,1.613885604659323,0.6390951871871948
4,1,32,0.19499389053724467,1.779837851925063,0.6416929364204407
4,2,0,-0.07139260537824053,-1.372324525603957,0.9972962141036988
4,2,1,-0.023797535126080176,-1.435784619273504,0.9970025420188904
4,2,2,0.0,-1.4278521075648105,0.9969574809074402
4,2,3,0.023797535126080176,-1.4278521075648105,0.9974323511123656
4,2,4,-0.07139260537824053,-1.4437171309821974,0.996721088886261
4,2,5,-0.08725762879562732,-1.4437171309821974,0.996084988117218
4,2,6,-0.1031226522130141,-1.4437171309821974,0.9963470697402954
4,2,7,0.1031226522130141,-1.3881895490213436,0.9964250922203064
4,2,8,-0.05552758196085374,-1.4040545724387303,0.995414972305298
4,2,9,-0.03966255854346696,-1.2929994085170229,0.9952226281166076
4,2,10,-0.08725762879562732,-1.3009319202257164,0.9950469732284546
4,2,11,0.19831279271733482,-0.9994964752953674,0.998811662197113
4,2,12,-0.13485269904778766,-0.9994964752953674,0.9981514811515808
4,2,13,0.05552758196085374,-0.5552758196085374,0.64310222864151
4,2,14,-0.13485269904778766,-0.5076807493563771,0.5234717726707458
4,2,15,-0.23004283955210839,-0.8805087996649665,0.7278550267219543
4,2,16,-0.17451525759125464,-0.6583984718215515,0.5625647902488708
4,2,17,-0.3252329800564291,-0.9598339167519004,0.7237995862960815
4,2,18,-0.23797535126080177,-0.7059935420737119,0.5519353747367859
4,2,19,-0.3093679566390423,-0.9994964752953674,0.7231053709983826
4,2,20,-0.23004283955210839,-0.8329137294128062,0.5465232133865356
4,2,21,-0.28557042151296214,-0.9836314518779806,0.710257887840271
4,2,22,-0.2062453044260282,-0.8170487059954195,0.537388801574707
4,2,23,0.1031226522130141,-0.007932511708693392,0.9954409003257751
4,2,24,-0.1031226522130141,0.007932511708693392,0.994482696056366
4,2,25,0.08725762879562732,0.8329137294128062,0.6324973106384277
4,2,26,-0.04759507025216035,0.8408462411214995,0.654780387878418
4,2,27,0.15071772246517445,1.657894947116919,0.620693027973175
4,2,28,0.17451525759125464,1.5865023417386785,0.6347106099128723
4,2,29,0.23004283955210839,1.816545181290787,0.597545325756073
4,2,30,0.24590786296949516,1.7372200642038529,0.6023041009902954
4,2,31,-0.14278521075648107,1.8086126695820934,0.6612969636917114
4,2,32,-0.007932511708693392,1.7213550407864662,0.6416274905204773
5,1,0,0.07586769345802812,-1.3698333541032854,0.9973908066749572
5,1,1,0.0842974371755868,-1.4372713038437548,0.9971381425857544
5,1,2,0.09272718089314548,-1.4372713038437548,0.9970941543579102
5,1,3,0.10115692461070415,-1.4288415601261961,0.9975361824035645
5,1,4,0.033718974870234716,-1.4457010475613135,0.9968441724777222
5,1,5,0.016859487435117358,-1.4457010475613135,0.9962506890296936
5,1,6,-0.008429743717558679,-1.4457010475613135,0.9964888095855712
5,1,7,0.050578462305352075,-1.3951225852559614,0.9965848326683044
5,1,8,-0.06743794974046943,-1.4119820726910788,0.9957066178321838
5,1,9,0.0842974371755868,-1.2939656606452572,0.9954425692558287
5,1,10,0.033718974870234716,-1.3023954043628159,0.9953027963638306
5,1,11,0.033718974870234716,-0.9820651430955861,0.998814046382904
5,1,12,-0.1264461557633802,-1.015784117965821,0.9982867240905762
5,1,13,0.1601651306336149,-0.5437184697825348,0.6257334351539612
5,1,14,0.008429743717558679,-0.5184292386298588,0.5672422051429749
5,1,15,0.38776821100769926,-0.9399164245077928,0.7287594676017761
5,1,16,0.30347077383211246,-0.8387594998970886,0.5972726941108704
5,1,17,0.47206564818328606,-1.015784117965821,0.7235714197158813
5,1,18,0.39619795472525793,-0.9399164245077928,0.5833062529563904
5,1,19,0.44677641703061,-1.041073349118497,0.7231562733650208
5,1,20,0.3624789798550232,-0.9904948868131448,0.5780430436134338
5,1,21,0.4046276984428166,-1.0242138616833796,0.7112216949462891
5,1,22,0.3203302612672298,-0.9652056556604688,0.5679181814193726
5,1,23,0.07586769345802812,0.0042148718587793396,0.995656967163086
5,1,24,-0.07586769345802812,-0.0042148718587793396,0.9947707056999208
5,1,25,0.19388410550384963,0.8050405250268539,0.6114948987960815
5,1,26,0.025289231152676037,0.880908218484882,0.6712821125984192
5,1,27,0.05900820602291076,1.5805769470422524,0.6068100333213806
5,1,28,-0.016859487435117358,1.698593359088074,0.6444881558418274
5,1,29,-0.06743794974046943,1.749171821393426,0.597669243812561
5,1,30,-0.1601651306336149,1.8756179771568062,0.6038274765014648
5,1,31,0.10958666832826283,1.774461052546102,0.6546640396118164
5,1,32,0.15173538691605623,1.8756179771568062,0.6439051032066345
5,2,0,-0.06359931452233222,-1.3673852622301428,0.997607171535492
5,2,1,-0.023849742945874584,-1.430984576752475,0.9973869323730468
5,2,2,0.0,-1.430984576752475,0.9973430633544922
5,2,3,0.023849742945874584,-1.4230346624371835,0.997750163078308
5,2,4,-0.07154922883762375,-1.4389344910677666,0.9971141815185548
5,2,5,-0.07949914315291529,-1.4389344910677666,0.996564507484436
5,2,6,-0.09539897178349833,-1.4389344910677666,0.9967901706695556
5,2,7,0.10334888609878987,-1.3753351765454342,0.9968931078910828
5,2,8,-0.04769948589174917,-1.4071348338066005,0.9960322380065918
5,2,9,-0.03974957157645764,-1.2878861190772275,0.9958220720291138
5,2,10,-0.0874490574682068,-1.295836033392519,0.9956602454185486
5,2,11,0.1987478578822882,-0.993739289411441,0.9988648295402528
5,2,12,-0.06359931452233222,-1.0016892037267324,0.9978236556053162
5,2,13,0.07154922883762375,-0.5167444304939494,0.6622176766395569
5,2,14,-0.1112988004140814,-0.5167444304939494,0.5181123614311218
5,2,15,-0.24644734377403738,-0.842690917420902,0.7522138953208923
5,2,16,-0.19079794356699667,-0.6836926311150714,0.548757791519165
5,2,17,-0.3338964012422442,-0.9142401462585257,0.7441794872283936
5,2,18,-0.2543972580893289,-0.7393420313221121,0.5378460884094238
5,2,19,-0.31799657261166114,-0.9619396321502749,0.7433525919914246
5,2,20,-0.24644734377403738,-0.8347410031056104,0.5327166318893433
5,2,21,-0.286196915350495,-0.9539897178349833,0.7304733395576477
5,2,22,-0.2225976008281628,-0.8267910887903189,0.5244091749191284
5,2,23,0.09539897178349833,0.0,0.9953168034553528
5,2,24,-0.09539897178349833,0.0,0.9937657713890076
5,2,25,0.04769948589174917,0.8983403176279426,0.6410724520683289
5,2,26,-0.03974957157645764,0.8903904033126512,0.6427628397941589
5,2,27,0.15104837199053903,1.6933317491570954,0.6267432570457458
5,2,28,0.15899828630583057,1.5740830344277226,0.6172345280647278
5,2,29,0.2225976008281628,1.8284802925170514,0.6104143261909485
5,2,30,0.2225976008281628,1.7410312350488446,0.5865634679794312
5,2,31,-0.12719862904466445,1.8443801211476345,0.6645472049713135
5,2,32,-0.007949914315291528,1.7330813207335531,0.6214081645011902
6,1,0,0.07226060813133302,-1.3448502068886978,0.997731626033783
6,1,1,0.06423165167229603,-1.4090818585609939,0.9975495934486388
6,1,2,0.07226060813133302,-1.4090818585609939,0.9974910020828248
6,1,3,0.08028956459037002,-1.4090818585609939,0.997870147228241
6,1,4,0.04014478229518501,-1.417110815020031,0.9972950220108032
6,1,5,0.024086869377111006,-1.417110815020031,0.9967780113220216
6,1,6,0.008028956459037003,-1.417110815020031,0.9970049858093262
6,1,7,0.04014478229518501,-1.3609081198067718,0.9970167279243468
6,1,8,-0.03211582583614801,-1.3689370762658088,0.9963479042053224
6,1,9,0.08028956459037002,-1.2645606422983278,0.9960664510726928
6,1,10,0.04014478229518501,-1.2725895987573648,0.9959685206413268
6,1,11,-0.024086869377111006,-0.9835471662320328,0.9987578392028807
6,1,12,-0.03211582583614801,-1.0156629920681808,0.9980164170265198
6,1,13,0.06423165167229603,-0.49378082223077563,0.6129444241523743
6,1,14,0.04014478229518501,-0.5018097786898127,0.5626784563064575
6,1,15,0.19269495501688805,-0.8470549064284038,0.7037028074264526
6,1,16,0.2970713889843691,-0.8550838628874408,0.5832127332687378
6,1,17,0.28904243252533207,-0.9674892533139587,0.7004530429840088
6,1,18,0.3693319971157021,-0.9353734274778108,0.5686895251274109
6,1,19,0.28101347606629506,-0.9835471662320328,0.6999966502189636
6,1,20,0.3372161712795541,-0.9835471662320328,0.5633241534233093
6,1,21,0.23283973731207308,-0.9594602968549217,0.6891030669212341
6,1,22,0.3051003454434061,-0.9594602968549217,0.5535101890563965
6,1,23,-0.024086869377111006,0.012043434688555503,0.9954897165298462
6,1,24,0.024086869377111006,-0.012043434688555503,0.99420827627182
6,1,25,0.06423165167229603,0.7426784724609227,0.6115473508834839
6,1,26,0.04817373875422201,0.7908522112151447,0.6646357178688049
6,1,27,0.04817373875422201,1.449226640856179,0.6190156936645508
6,1,28,-0.024086869377111006,1.577689944200771,0.64010089635849
6,1,29,-0.016057912918074006,1.569660987741734,0.612287163734436
6,1,30,-0.11240539042651804,1.754326986299585,0.6032686829566956
6,1,31,0.20072391147592505,1.513458292528475,0.6630397439002991
6,1,32,0.16057912918074005,1.730240116922474,0.6396026015281677
6,2,0,-0.12248277189403585,-1.371016833781627,0.99793803691864
6,2,1,-0.07507008599957037,-1.434233748307581,0.9977747201919556
6,2,2,-0.05136374305233762,-1.4263316339918368,0.9977207183837892
6,2,3,-0.02765740010510487,-1.4263316339918368,0.998067021369934
6,2,4,-0.12248277189403585,-1.434233748307581,0.9975412487983704
6,2,5,-0.13038488620978012,-1.434233748307581,0.9970672726631165
6,2,6,-0.13828700052552434,-1.434233748307581,0.9972761273384094
6,2,7,0.06716797168382611,-1.3789189480973714,0.9972980618476868
6,2,8,-0.06716797168382611,-1.39472317672886,0.9966630339622498
6,2,9,-0.09087431463105886,-1.2840935763084405,0.9964268803596495
6,2,10,-0.13828700052552434,-1.2919956906241847,0.9963185787200928
6,2,11,0.15409122915701284,-1.0075195752573918,0.9988559484481812
6,2,12,-0.09877642894680311,-0.9917153466259032,0.9979279637336732
6,2,13,0.10667854326254736,-0.5254906019969925,0.651086688041687
6,2,14,-0.08297220031531462,-0.4859800304182713,0.5177786946296692
6,2,15,-0.2410144866301996,-0.8099667173637854,0.7317060232162476
6,2,16,-0.15409122915701284,-0.4227631158923173,0.5430958271026611
6,2,17,-0.34374197273487483,-0.8810857462054837,0.7271114587783813
6,2,18,-0.2884271725246651,-0.3753504299978518,0.5329832434654236
6,2,19,-0.32793774410338633,-0.9364005464156935,0.7264809012413025
6,2,20,-0.2805250582089208,-0.4227631158923173,0.5282631516456604
6,2,21,-0.30423140115615355,-0.9205963177842049,0.7154619097709656
6,2,22,-0.21730814368296683,-0.5966096308386908,0.5202374458312988
6,2,23,0.08297220031531462,-0.003951057157872124,0.9956305623054504
6,2,24,-0.08297220031531462,0.003951057157872124,0.9941007494926452
6,2,25,0.003951057157872124,0.8178688316795297,0.6419199109077454
6,2,26,-0.07507008599957037,0.8494772889425067,0.6535384058952332
6,2,27,0.12248277189403585,1.6791992920956529,0.6430195569992065
6,2,28,0.1619933434727571,1.5448633487280006,0.6275149583816528
6,2,29,0.1936018007357341,1.805633121147561,0.6288543343544006
6,2,30,0.22521025799871108,1.718709863674374,0.5928983092308044
6,2,31,-0.10667854326254736,1.813535235463305,0.6798948645591736
6,2,32,-0.02765740010510487,1.718709863674374,0.6285445094108582
7,1,0,0.059298265601169735,-1.320374714052713,0.9980865716934204
7,1,1,0.04348539477419114,-1.375719761947138,0.9979473352432252
7,1,2,0.04348539477419114,-1.375719761947138,0.9978905916213988
7,1,3,0.04348539477419114,-1.375719761947138,0.9982128739356996
7,1,4,0.04348539477419114,-1.375719761947138,0.9977349042892456
7,1,5,0.035578959360701844,-1.375719761947138,0.9972969889640808
7,1,6,0.035578959360701844,-1.375719761947138,0.99749755859375
7,1,7,-0.011859653120233947,-1.3440940202931806,0.9974658489227296
7,1,8,-0.011859653120233947,-1.3440940202931806,0.9969587326049804
7,1,9,0.059298265601169735,-1.2492167953313091,0.996680736541748
7,1,10,0.04348539477419114,-1.2571232307447984,0.9966105222702026
7,1,11,-0.12254974890908413,-0.980397991272673,0.9988080859184264
7,1,12,-0.05139183018768044,-1.0120237329266302,0.9981083273887634
7,1,13,0.05139183018768044,-0.5534504789442509,0.5972370505332947
7,1,14,0.027672523947212545,-0.5060118664633151,0.5621289610862732
7,1,15,0.2727720217653808,-0.8934272017242907,0.6865949034690857
7,1,16,0.24114628011142358,-0.8618014600703335,0.577853798866272
7,1,17,0.3913685529677203,-0.9645851204456943,0.6865889430046082
7,1,18,0.32021063424631657,-0.9250529433782478,0.5642079710960388
7,1,19,0.36764924672725235,-1.004117297513141,0.6857345700263977
7,1,20,0.28858489259235937,-0.9724915558591837,0.5587963461875916
7,1,21,0.304397763419338,-0.980397991272673,0.677226722240448
7,1,22,0.2569591509384022,-0.9724915558591837,0.5488089323043823
7,1,23,-0.09092400725512693,0.015812870826978596,0.9956594109535216
7,1,24,0.09092400725512693,-0.015812870826978596,0.9942359924316406
7,1,25,-0.06720470101465903,0.7985499767624191,0.604185938835144
7,1,26,0.04348539477419114,0.7985499767624191,0.6742294430732727
7,1,27,-0.059298265601169735,1.565474211870881,0.6152424216270447
7,1,28,-0.07511113642814833,1.5733806472843703,0.6377248764038086
7,1,29,-0.12254974890908413,1.668257872246242,0.6141729354858398
7,1,30,-0.1778947968035092,1.7552286617946242,0.6013120412826538
7,1,31,0.10673687808210552,1.6366321305922846,0.657210648059845
7,1,32,0.1541754905630413,1.7394157909676455,0.6338110566139221
7,2,0,-0.15809782701316505,-1.351736420962561,0.998253345489502
7,2,1,-0.11857337025987379,-1.414975551767827,0.9981274008750916
7,2,2,-0.10276358755855727,-1.414975551767827,0.9980744123458862
7,2,3,-0.07904891350658252,-1.414975551767827,0.9983716607093812
7,2,4,-0.14228804431184855,-1.414975551767827,0.99793142080307
7,2,5,-0.1501929356625068,-1.414975551767827,0.997528314590454
7,2,6,-0.1501929356625068,-1.414975551767827,0.9977155327796936
7,2,7,0.007904891350658251,-1.3754510950145358,0.9976902604103088
7,2,8,-0.08695380485724077,-1.383355986365194,0.997192084789276
7,2,9,-0.12647826161053202,-1.2805923988066368,0.996954381465912
7,2,10,-0.15809782701316505,-1.288497290157295,0.9968428015708924
7,2,11,0.10276358755855727,-1.0118260928842562,0.9988986253738404
7,2,12,-0.11857337025987379,-0.9881114188322815,0.9977274537086488
7,2,13,0.1660027183638233,-0.5296277204941029,0.6370483636856079
7,2,14,-0.07904891350658252,-0.47429348103949515,0.5163562893867493
7,2,15,-0.2134320664677728,-0.8062989177671417,0.7167931795120239
7,2,16,-0.2134320664677728,-0.7272500042605592,0.5377548933029175
7,2,17,-0.32410054537698835,-0.877442939923066,0.7153352499008179
7,2,18,-0.30829076267567185,-0.782584243715167,0.5268617272377014
7,2,19,-0.30829076267567185,-0.940682070728332,0.7143513560295105
7,2,20,-0.29248097997435535,-0.7746793523645087,0.521622896194458
7,2,21,-0.27667119727303885,-0.9248722880270155,0.7056158185005188
7,2,22,-0.24505163187040582,-0.7588695696631922,0.5130093693733215
7,2,23,0.05533423945460776,0.0,0.9957944750785828
7,2,24,-0.05533423945460776,0.0,0.993958592414856
7,2,25,-0.03952445675329126,0.845823374520433,0.6336200833320618
7,2,26,-0.015809782701316503,0.8379184831697747,0.6451761722564697
7,2,27,0.11066847890921552,1.723266314443499,0.6414992213249207
7,2,28,0.12647826161053202,1.5572635960796757,0.6157451272010803
7,2,29,0.1818125010651398,1.849744576054031,0.6357278823852539
7,2,30,0.1976222837664563,1.7469809884954737,0.5847150683403015
7,2,31,-0.1501929356625068,1.849744576054031,0.6786984205245972
7,2,32,-0.06323913080526601,1.754885879846132,0.6208788156509399
8,1,0,0.01605403247669839,-1.3003766306125695,0.9981845021247864
8,1,1,-0.008027016238349194,-1.364592760519363,0.9980853796005248
8,1,2,-0.008027016238349194,-1.364592760519363,0.998007357120514
8,1,3,-0.008027016238349194,-1.364592760519363,0.9983209371566772
8,1,4,-0.01605403247669839,-1.364592760519363,0.9978994727134703
8,1,5,-0.024081048715047584,-1.364592760519363,0.9974747896194458
8,1,6,-0.024081048715047584,-1.364592760519363,0.9977110028266908
8,1,7,-0.03210806495339678,-1.3324846955659664,0.9974913001060486
8,1,8,-0.06421612990679355,-1.3324846955659664,0.9972788095474244
8,1,9,0.01605403247669839,-1.2361605007057759,0.99686199426651
8,1,10,0.0,-1.2441875169441252,0.996862292289734
8,1,11,-0.06421612990679355,-0.9792959810786017,0.9987897276878356
8,1,12,-0.1284322598135871,-1.0114040460319986,0.9979186058044434
8,1,13,0.06421612990679355,-0.5458371042077452,0.5887064337730408
8,1,14,-0.05618911366844436,-0.4976750067776501,0.5613412261009216
8,1,15,0.21672943843542825,-0.8749447699800622,0.6860461831092834
8,1,16,0.20870242219707907,-0.866917753741713,0.5767881870269775
8,1,17,0.3451616982490154,-0.9632419486019034,0.6906251311302185
8,1,18,0.3130536332956186,-0.9632419486019034,0.5629532933235168
8,1,19,0.3130536332956186,-0.9953500135553002,0.6892917156219482
8,1,20,0.2809455683422218,-1.0033770297936493,0.5571110248565674
8,1,21,0.24883750338882504,-0.9712689648402526,0.6809524297714233
8,1,22,0.24883750338882504,-0.9792959810786017,0.5460401177406311
8,1,23,-0.008027016238349194,0.008027016238349194,0.9956900477409364
8,1,24,0.008027016238349194,-0.008027016238349194,0.9941564798355104
8,1,25,-0.008027016238349194,0.8027016238349195,0.5987800359725952
8,1,26,-0.01605403247669839,0.8508637212650146,0.661472737789154
8,1,27,-0.07224314614514275,1.5492141340013945,0.6166165471076965
8,1,28,-0.1444862922902855,1.6615923613382833,0.6274934411048889
8,1,29,-0.1525133085286347,1.7258084912450768,0.6178756952285767
8,1,30,-0.23278347091212664,1.8381867185819656,0.5911344289779663
8,1,31,0.08829717862184114,1.6856734100533308,0.6625931859016418
8,1,32,0.1444862922902855,1.8301597023436165,0.6277036666870117
8,2,0,-0.1519987840145918,-1.3519891841297902,0.9983097910881042
8,2,1,-0.10399916800998386,-1.3999888001343983,0.9982234239578248
8,2,2,-0.08799929600844789,-1.3999888001343983,0.998151957988739
8,2,3,-0.07199942400691191,-1.3999888001343983,0.998448610305786
8,2,4,-0.13599891201305583,-1.4079887361351662,0.9980440735816956
8,2,5,-0.13599891201305583,-1.4079887361351662,0.9976403117179872
8,2,6,-0.14399884801382382,-1.4079887361351662,0.99786639213562
8,2,7,0.0,-1.3679890561313262,0.9976924061775208
8,2,8,-0.08799929600844789,-1.3759889921320942,0.9974210858345032
8,2,9,-0.12799897601228782,-1.2719898241221104,0.9970856308937072
8,2,10,-0.1599987200153598,-1.2879896961236463,0.9970106482505798
8,2,11,0.11199910401075186,-1.0159918720975347,0.9988826513290404
8,2,12,-0.10399916800998386,-0.9839921280944627,0.9974594116210938
8,2,13,0.19999840001919975,-0.5279957760506874,0.6291947364807129
8,2,14,-0.09599923200921588,-0.4559963520437754,0.5121097564697266
8,2,15,-0.19999840001919975,-0.807993536077567,0.7157038450241089
8,2,16,-0.1679986560161278,-0.5679954560545273,0.5304075479507446
8,2,17,-0.3199974400307196,-0.8879928960852469,0.7180986404418945
8,2,18,-0.25599795202457565,-0.6399948800614392,0.5205560922622681
8,2,19,-0.3039975680291836,-0.9359925120898548,0.716607928276062
8,2,20,-0.27199782402611167,-0.751993984072191,0.5153787136077881
8,2,21,-0.27199782402611167,-0.9279925760890868,0.7074794769287109
8,2,22,-0.2319981440222717,-0.735994112070655,0.505780816078186
8,2,23,0.05599955200537593,0.0,0.9957923889160156
8,2,24,-0.05599955200537593,0.0,0.9936237931251526
8,2,25,-0.007999936000767989,0.8799929600844789,0.6303209066390991
8,2,26,-0.04799961600460794,0.8799929600844789,0.6410421133041382
8,2,27,0.11199910401075186,1.7439860481674219,0.6440278887748718
8,2,28,0.12799897601228782,1.63198694415667,0.611458420753479
8,2,29,0.1679986560161278,1.8879848961812455,0.6369151473045349
8,2,30,0.19199846401843176,1.8239854081751017,0.5772378444671631
8,2,31,-0.14399884801382382,1.8959848321820136,0.6827417016029358
8,2,32,-0.06399948800614391,1.8319853441758696,0.616574764251709
9,1,0,0.027751133678205153,-1.300338835207327,0.9982382655143738
9,1,1,0.003964447668315022,-1.3479122072271075,0.998186469078064
9,1,2,0.003964447668315022,-1.3479122072271075,0.9980840682983398
9,1,3,0.003964447668315022,-1.3479122072271075,0.9984080791473388
9,1,4,-0.003964447668315022,-1.3479122072271075,0.9980195760726928
9,1,5,-0.003964447668315022,-1.3479122072271075,0.9976114630699158
9,1,6,-0.011893343004945066,-1.3479122072271075,0.997885763645172
9,1,7,-0.0356800290148352,-1.3320544165538473,0.9974425435066224
9,1,8,-0.05946671502472533,-1.3241255212172174,0.9975088238716124
9,1,9,0.027751133678205153,-1.236907672514287,0.9969685077667236
9,1,10,0.011893343004945066,-1.2448365678509168,0.997020423412323
9,1,11,-0.0911822963712455,-0.9831830217421255,0.9987178444862366
9,1,12,-0.10704008704450559,-1.0069697077520154,0.9976677298545836
9,1,13,0.05946671502472533,-0.5708804642373632,0.5762555599212646
9,1,14,-0.05153781968809528,-0.49159151087106273,0.5579189658164978
9,1,15,0.2180446217573262,-0.8721784870293048,0.6728118658065796
9,1,16,0.22597351709395624,-0.8563206963560447,0.570777416229248
9,1,17,0.3449069471434069,-0.9673252310688654,0.6810532212257385
9,1,18,0.32112026113351677,-0.9514674403956053,0.5578852295875549
9,1,19,0.3131913657968867,-0.9911119170787555,0.6792424321174622
9,1,20,0.2894046797869966,-1.0148986030886455,0.5520160794258118
9,1,21,0.2656179937771065,-0.9752541264054954,0.6707436442375183
9,1,22,0.24976020310384636,-0.9911119170787555,0.5396812558174133
9,1,23,-0.027751133678205153,0.015857790673260087,0.9957644939422609
9,1,24,0.027751133678205153,-0.015857790673260087,0.993768870830536
9,1,25,-0.05946671502472533,0.8246051150095245,0.5964298248291016
9,1,26,0.003964447668315022,0.8325340103461546,0.6587029099464417
9,1,27,-0.09911119170787555,1.5619923813161185,0.621677815914154
9,1,28,-0.13082677305439572,1.641281334682419,0.6201217174530029
9,1,29,-0.17840014507417598,1.7126413927120894,0.6230720281600952
9,1,30,-0.22597351709395624,1.82364592742491,0.583196222782135
9,1,31,0.08325340103461545,1.6967836020388294,0.6660453081130981
9,1,32,0.13875566839102577,1.83157482276154,0.6216846108436584
9,2,0,-0.16141607186243428,-1.3425092806119534,0.9983658194541932
9,2,1,-0.11417234351245352,-1.3897530089619343,0.9983218908309937
9,2,2,-0.09842443406245993,-1.3897530089619343,0.998225748538971
9,2,3,-0.08267652461246634,-1.3897530089619343,0.9985299706459044
9,2,4,-0.1456681624124407,-1.397626963686931,0.9981619715690612
9,2,5,-0.15354211713743748,-1.397626963686931,0.9977774024009703
9,2,6,-0.15354211713743748,-1.397626963686931,0.9980371594429016
9,2,7,0.003936977362498397,-1.3661311447869438,0.9976509213447572
9,2,8,-0.09842443406245993,-1.3661311447869438,0.9976454377174376
9,2,9,-0.1377942076874439,-1.2716436880869824,0.9971948266029358
9,2,10,-0.16929002658743109,-1.2873915975369759,0.9971818327903748
9,2,11,0.10629838878745672,-1.011803182162088,0.9988152980804444
9,2,12,-0.11417234351245352,-0.9881813179870977,0.9974114894866944
9,2,13,0.1771639813124279,-0.5393658986622805,0.6178482174873352
9,2,14,-0.12204629823745032,-0.46850030613730925,0.5113258957862854
9,2,15,-0.20865980021241506,-0.8070803593121715,0.703655481338501
9,2,16,-0.21653375493741184,-0.7204668573372067,0.5311427712440491
9,2,17,-0.3110212116373734,-0.8936938612871361,0.7091942429542542
9,2,18,-0.33464307581236374,-0.8149543140371682,0.5224730968475342
9,2,19,-0.2952733021873798,-0.9409375896371169,0.7072446942329407
9,2,20,-0.3031472569123766,-0.783458495137181,0.5171918272972107
9,2,21,-0.2637774832873926,-0.9251896801871233,0.6979520320892334
9,2,22,-0.2716514380123894,-0.7677105856871874,0.5064999461174011
9,2,23,0.08267652461246634,-0.003936977362498397,0.9959070682525636
9,2,24,-0.08267652461246634,0.003936977362498397,0.9935556054115297
9,2,25,0.011810932087495191,0.8543240876621522,0.6293436288833618
9,2,26,-0.11417234351245352,0.8464501329371554,0.6404935717582703
9,2,27,0.10629838878745672,1.6810893337868156,0.64935302734375
9,2,28,0.11417234351245352,1.5708539676368605,0.6069716811180115
9,2,29,0.16141607186243428,1.8306944735617547,0.6402053236961365
9,2,30,0.1771639813124279,1.7519549263117868,0.5700098872184753
9,2,31,-0.1377942076874439,1.8385684282867516,0.686850905418396
9,2,32,-0.05905466043747596,1.7677028357617803,0.6152190566062927
10,1,0,0.05745575540079805,-1.3009624615752131,0.9984090924263
10,1,1,0.03283186022902746,-1.366626182033268,0.998366355895996
10,1,2,0.03283186022902746,-1.366626182033268,0.9982611536979676
10,1,3,0.03283186022902746,-1.366626182033268,0.9985690116882324
10,1,4,0.008207965057256865,-1.366626182033268,0.998211681842804
10,1,5,0.0,-1.3748341470905248,0.9978423118591307
10,1,6,-0.01641593011451373,-1.3748341470905248,0.9981142282485962
10,1,7,-0.008207965057256865,-1.3502102519187542,0.9976229071617126
10,1,8,-0.06566372045805492,-1.3420022868614974,0.9977734684944152
10,1,9,0.05745575540079805,-1.243506706174415,0.9971999526023864
10,1,10,0.041039825286284325,-1.2517146712316718,0.9972611665725708
10,1,11,-0.008207965057256865,-0.9890597893994522,0.9987716674804688
10,1,12,-0.1395354059733667,-1.0054757195139659,0.99764221906662
10,1,13,0.14774337103062357,-0.5786615365366089,0.5754200220108032
10,1,14,-0.08207965057256865,-0.4719579907922697,0.5592391490936279
10,1,15,0.28727877700399024,-0.9233960689413973,0.6933306455612183
10,1,16,0.23803098666044908,-0.8577323484833423,0.5759918093681335
10,1,17,0.3939823227483295,-1.0054757195139659,0.70064777135849
10,1,18,0.3283186022902746,-0.9644358942276816,0.566119909286499
10,1,19,0.36115046251930205,-1.0383075797429933,0.6982921361923218
10,1,20,0.29548674206124714,-0.997267754456709,0.5608441233634949
10,1,21,0.31190267217576084,-1.0136836845712227,0.6889442205429077
10,1,22,0.2626548818322197,-0.9726438592849385,0.5495098233222961
10,1,23,0.01641593011451373,0.012311947585885297,0.9960353970527648
10,1,24,-0.01641593011451373,-0.012311947585885297,0.9938862323760986
10,1,25,0.041039825286284325,0.8577323484833423,0.5881687998771667
10,1,26,-0.008207965057256865,0.8413164183688286,0.6572229266166687
10,1,27,-0.1395354059733667,1.6785288542090289,0.6168779730796814
10,1,28,-0.1395354059733667,1.7031527493807994,0.6134383082389832
10,1,29,-0.24623895171770593,1.900143910754964,0.6177216172218323
10,1,30,-0.2544469167749628,1.8919359456977072,0.5735445022583008
10,1,31,0.08207965057256865,1.8344801902969092,0.6659330725669861
10,1,32,0.1641593011451373,1.8919359456977072,0.6203222870826721
10,2,0,-0.13990703385891975,-1.357921210983633,0.998530089855194
10,2,1,-0.11521755729558099,-1.4155299896314235,0.9984949827194214
10,2,2,-0.09875790625335512,-1.4155299896314235,0.998398780822754
10,2,3,-0.08229825521112927,-1.4155299896314235,0.9986848831176758
10,2,4,-0.14813685938003268,-1.4237598151525364,0.9983493685722352
10,2,5,-0.1563666849011456,-1.4319896406736494,0.9980064630508424
10,2,6,-0.1563666849011456,-1.4319896406736494,0.9982614517211914
10,2,7,0.0,-1.3826106875469717,0.9978286027908324
10,2,8,-0.09875790625335512,-1.3908405130680848,0.9979165196418762
10,2,9,-0.12344738281669392,-1.2838527812936167,0.9974048137664796
10,2,10,-0.1563666849011456,-1.3003124323358426,0.9973967671394348
10,2,11,0.13167720833780683,-1.01226853909689,0.9988606572151184
10,2,12,-0.10698773177446806,-0.9875790625335513,0.997222065925598
10,2,13,0.18928598698559732,-0.5267088333512273,0.6168989539146423
10,2,14,-0.13167720833780683,-0.4773298802245498,0.51175856590271
10,2,15,-0.19751581250671024,-0.8147527265901798,0.7214038372039795
10,2,16,-0.23043511459116198,-0.8229825521112927,0.5323516130447388
10,2,17,-0.32096319532340417,-0.8888211562801962,0.7256250977516174
10,2,18,-0.33742284636563,-0.9875790625335513,0.5253110527992249
10,2,19,-0.29627371876006536,-0.9464299349279867,0.7230804562568665
10,2,20,-0.32919302084451707,-1.0040387135757771,0.5202595591545105
10,2,21,-0.26335441667561366,-0.9299702838857608,0.7126439213752747
10,2,22,-0.2715842421967266,-0.9217404583646479,0.5105745196342468
10,2,23,0.057608778647790494,0.0,0.9960744976997375
10,2,24,-0.057608778647790494,0.0,0.9934690594673156
10,2,25,0.03291930208445171,0.905280807322422,0.6215505599975586
10,2,26,-0.041149127605564634,0.905280807322422,0.63217693567276
10,2,27,0.12344738281669392,1.8023317891237312,0.6435466408729553
10,2,28,0.14813685938003268,1.695344057349263,0.5929114818572998
10,2,29,0.1810561614644844,1.9751581250671026,0.6313518285751343
10,2,30,0.19751581250671024,1.8764002188137474,0.5558038949966431
10,2,31,-0.13167720833780683,1.9669282995459896,0.68398118019104
10,2,32,-0.03291930208445171,1.8764002188137474,0.6055823564529419
11,1,0,0.02881732288860698,-1.325596852875921,0.9984666109085084
11,1,1,0.00411676041265814,-1.3914650194784512,0.9984121322631836
11,1,2,0.00411676041265814,-1.3914650194784512,0.9983160495758056
11,1,3,0.00411676041265814,-1.3914650194784512,0.998611330986023
11,1,4,-0.020583802063290697,-1.3996985403037676,0.9982588291168212
11,1,5,-0.03705084371392326,-1.3996985403037676,0.9979135990142822
11,1,6,-0.05351788536455582,-1.3996985403037676,0.998177707195282
11,1,7,-0.02881732288860698,-1.3667644570025024,0.9976696968078612
11,1,8,-0.11115253114176978,-1.3667644570025024,0.9978844523429872
11,1,9,0.03705084371392326,-1.2597286862733907,0.9972743391990662
11,1,10,0.00411676041265814,-1.2761957279240232,0.9973526000976562
11,1,11,-0.012350281237974419,-0.9962560198632698,0.9988204836845398
11,1,12,-0.16055365609366745,-0.9962560198632698,0.9974587559700012
11,1,13,0.19348773939493258,-0.6092805410734047,0.5919958353042603
11,1,14,-0.08645196866582093,-0.4940112495189768,0.5596403479576111
11,1,15,0.3005235101240442,-0.9139208116101071,0.7282511591911316
11,1,16,0.2181883018708814,-0.8480526450075768,0.5775619745254517
11,1,17,0.382858718377207,-0.9880224990379536,0.7311444282531738
11,1,18,0.3169905517746768,-0.971555457387321,0.5697628259658813
11,1,19,0.3416911142506256,-1.0209565823392186,0.7283427715301514
11,1,20,0.2675894268227791,-1.0209565823392186,0.5648670792579651
11,1,21,0.30875703094936047,-0.9962560198632698,0.716731607913971
11,1,22,0.24288886434683024,-0.9880224990379536,0.5547518730163574
11,1,23,0.02881732288860698,0.00823352082531628,0.9961506128311156
11,1,24,-0.02881732288860698,-0.00823352082531628,0.9938493967056274
11,1,25,0.09468548949113721,0.7739509575797303,0.5964531302452087
11,1,26,-0.05351788536455582,0.823352082531628,0.6546532511711121
11,1,27,-0.09468548949113721,1.5726024776354095,0.6238914132118225
11,1,28,-0.16878717691898373,1.7125723316657862,0.6111027598381042
11,1,29,-0.1852542185696163,1.794907539918949,0.6182979345321655
11,1,30,-0.2675894268227791,1.8937097898227444,0.5683159828186035
11,1,31,0.06998492701518838,1.8031410607442653,0.6751900315284729
11,1,32,0.1440866144430349,1.885476268997428,0.620396614074707
11,2,0,-0.16932042972266495,-1.362626315387161,0.9985799193382264
11,2,1,-0.16932042972266495,-1.4190664586280493,0.9985358119010924
11,2,2,-0.1531946745109826,-1.4190664586280493,0.9984450936317444
11,2,3,-0.1370689192993002,-1.4190664586280493,0.9987216591835022
11,2,4,-0.19350906254018851,-1.4271293362338904,0.9983909726142884
11,2,5,-0.19350906254018851,-1.4351922138397315,0.9980694055557252
11,2,6,-0.20157194014602972,-1.4351922138397315,0.9983203411102296
11,2,7,-0.06450302084672951,-1.3787520705988432,0.9978625178337096
11,2,8,-0.1370689192993002,-1.4029407034163668,0.9980090260505676
11,2,9,-0.1531946745109826,-1.281997539328749,0.997454047203064
11,2,10,-0.18544618493434734,-1.2981232945404313,0.9974422454833984
11,2,11,0.07256589845257069,-1.0078597007301486,0.998891830444336
11,2,12,-0.11288028648177664,-0.9917339455184662,0.9969279170036316
11,2,13,0.12900604169345903,-0.5321499219855185,0.6318983435630798
11,2,14,-0.08869165366425308,-0.46764690113878893,0.5115224719047546
11,2,15,-0.24994920578107685,-0.8062877605841189,0.7531711459159851
11,2,16,-0.22576057296355329,-0.7095332293140246,0.5346590280532837
11,2,17,-0.3628294922628535,-0.8627279038250072,0.7533945441246033
11,2,18,-0.3063893490219652,-0.81435063818996,0.5290220379829407
11,2,19,-0.34670373705117113,-0.9272309246717367,0.7504684925079346
11,2,20,-0.32251510423364754,-0.8949794142483719,0.5244311094284058
11,2,21,-0.31445222662780636,-0.9111051694600543,0.7383092045783997
11,2,22,-0.26607496099275924,-0.8385392710074836,0.5159335732460022
11,2,23,0.05644014324088832,-0.00806287760584119,0.9961377382278442
11,2,24,-0.05644014324088832,0.00806287760584119,0.9934518933296204
11,2,25,0.00806287760584119,0.8627279038250072,0.6252025365829468
11,2,26,-0.08869165366425308,0.8385392710074836,0.6123465299606323
11,2,27,0.08869165366425308,1.7335186852558555,0.6456356644630432
11,2,28,0.09675453127009426,1.6367641539857614,0.5769333839416504
11,2,29,0.17738330732850616,1.9109019925843618,0.6355166435241699
11,2,30,0.16932042972266495,1.8141474613142674,0.5457415580749512
11,2,31,-0.16932042972266495,1.9028391149785204,0.6900791525840759
11,2,32,-0.08869165366425308,1.8141474613142674,0.5975333452224731
12,1,0,-0.012586280125501842,-1.3551228268456983,0.9985791444778442
12,1,1,-0.029367986959504298,-1.422249654181708,0.9985461235046388
12,1,2,-0.012586280125501842,-1.422249654181708,0.998455822467804
12,1,3,-0.004195426708500614,-1.422249654181708,0.9987194538116456
12,1,4,-0.07132225404451044,-1.4306405075987094,0.9984016418457032
12,1,5,-0.0881039608785129,-1.4306405075987094,0.9980928301811218
12,1,6,-0.11327652112951657,-1.4306405075987094,0.9983320832252502
12,1,7,-0.012586280125501842,-1.3802953870967019,0.9979265928268432
12,1,8,-0.16362164163152393,-1.3886862405137033,0.9981110692024232
12,1,9,0.004195426708500614,-1.2796051460926872,0.9974790215492249
12,1,10,-0.04614969379350675,-1.2963868529266898,0.9975200295448304
12,1,11,0.11327652112951657,-0.9943161299146455,0.9988752603530884
12,1,12,-0.22235761555053254,-1.0027069833316467,0.9972131252288818
12,1,13,0.22235761555053254,-0.5663826056475829,0.6175095438957214
12,1,14,-0.0881039608785129,-0.4824740714775706,0.5593693852424622
12,1,15,0.2727027360525399,-0.8684533286596271,0.7512900233268738
12,1,16,0.2139667621335313,-0.8097173547406185,0.5783268809318542
12,1,17,0.38178383047355585,-0.9439710094126381,0.7489899396896362
12,1,18,0.33982956338854975,-0.902016742327632,0.5703002214431763
12,1,19,0.34822041680555094,-0.977534423080643,0.7458171248435974
12,1,20,0.28948444288654235,-0.9691435696636418,0.5656560063362122
12,1,21,0.2810935894695411,-0.9523618628296393,0.7339744567871094
12,1,22,0.24753017580153622,-0.9439710094126381,0.556627631187439
12,1,23,0.13005822796351904,0.012586280125501842,0.9959867596626282
12,1,24,-0.13005822796351904,-0.012586280125501842,0.9937130212783812
12,1,25,0.16362164163152393,0.7761539410726136,0.5860092043876648
12,1,26,-0.09649481429551413,0.8516716218256246,0.6164888143539429
12,1,27,0.004195426708500614,1.606848429355735,0.597520112991333
12,1,28,-0.239139322384535,1.7411020840277547,0.5606895685195923
12,1,29,-0.07971310746151167,1.7411020840277547,0.6004612445831299
12,1,30,-0.2810935894695411,1.825010618197767,0.5284474492073059
12,1,31,0.0881039608785129,1.7830563511127608,0.6439343094825745
12,1,32,0.029367986959504298,1.9173100057847805,0.5717498064041138
12,2,0,-0.23357517341004022,-1.3768641801012897,0.9987004995346068
12,2,1,-0.18440145269213704,-1.442429141058494,0.9986733198165894
12,2,2,-0.15981459233318543,-1.4342335209388435,0.9985895156860352
12,2,3,-0.13522773197423382,-1.4342335209388435,0.9988325238227844
12,2,4,-0.21718393317073917,-1.4506247611781447,0.9985410571098328
12,2,5,-0.2253795532903897,-1.4506247611781447,0.9982566833496094
12,2,6,-0.23357517341004022,-1.4506247611781447,0.9984786510467528
12,2,7,-0.045075910658077936,-1.393255420340591,0.9981126189231871
12,2,8,-0.15161897221353487,-1.4096466605798919,0.9982566237449646
12,2,9,-0.2007926929314381,-1.2949079789047844,0.9976760149002076
12,2,10,-0.24177079352969078,-1.303103599024435,0.9976822137832642
12,2,11,0.10244525149563168,-1.0080612747170157,0.9989359378814696
12,2,12,-0.13522773197423382,-0.9916700344777146,0.9969751834869384
12,2,13,0.10244525149563168,-0.5081284474183331,0.6547752618789673
12,2,14,-0.11064087161528222,-0.43436786634147834,0.5120013952255249
12,2,15,-0.290944514247594,-0.8031707717257524,0.7731870412826538
12,2,16,-0.290944514247594,-0.7048233302899459,0.5352898240089417
12,2,17,-0.40568319592270147,-0.8605401125633061,0.7680691480636597
12,2,18,-0.3729007154440993,-0.7621926711274997,0.5294269323348999
12,2,19,-0.38929195568340036,-0.9179094534008598,0.7648687958717346
12,2,20,-0.3729007154440993,-0.8523444924436556,0.5248843431472778
12,2,21,-0.3647050953244488,-0.9015182131615588,0.7525068521499634
12,2,22,-0.3237269947261961,-0.7867795314864513,0.5174400210380554
12,2,23,0.09424963137598115,-0.01639124023930107,0.995991051197052
12,2,24,-0.09424963137598115,0.01639124023930107,0.9935317039489746
12,2,25,0.06146715089737901,0.8359532522043545,0.616141140460968
12,2,26,-0.06146715089737901,0.8605401125633061,0.5910480618476868
12,2,27,0.12703211185458327,1.7702539458445155,0.6217457056045532
12,2,28,0.10244525149563168,1.6637108842890584,0.543874979019165
12,2,29,0.2007926929314381,1.9013838677589239,0.6186710596084595
12,2,30,0.17620583257248648,1.8030364263231176,0.5174984335899353
12,2,31,-0.15981459233318543,1.9341663482375262,0.6622593998908997
12,2,32,-0.15161897221353487,1.8604057671606713,0.5627947449684143
13,1,0,0.0,-1.354805242327679,0.998648762702942
13,1,1,0.0,-1.4208933029290294,0.9986281394958496
13,1,2,0.008261007575168774,-1.4208933029290294,0.9985385537147522
13,1,3,0.024783022725506327,-1.4208933029290294,0.9987809062004088
13,1,4,-0.05782705302618143,-1.4208933029290294,0.9984816312789916
13,1,5,-0.07434906817651897,-1.4126322953538606,0.9982154965400696
13,1,6,-0.10739309847719408,-1.4126322953538606,0.9984410405158995
13,1,7,0.008261007575168774,-1.3878492726283542,0.9980928897857666
13,1,8,-0.14869813635303794,-1.3630662499028479,0.9983032941818236
13,1,9,0.024783022725506327,-1.288717181726329,0.9976969361305236
13,1,10,-0.0330440303006751,-1.288717181726329,0.9977390170097352
13,1,11,0.11565410605236286,-0.9995819165954218,0.9988016486167908
13,1,12,-0.17348115907854428,-0.9995819165954218,0.9972516894340516
13,1,13,0.19000317422888183,-0.4956604545101265,0.6248257756233215
13,1,14,-0.0330440303006751,-0.4626164242094514,0.5601019263267517
13,1,15,0.34696231815708856,-0.8343617650920463,0.7534494400024414
13,1,16,0.2313082121047257,-0.8261007575168775,0.5802338123321533
13,1,17,0.47913843935978895,-0.9169718408437341,0.7471959590911865
13,1,18,0.31391828785641346,-0.9334938559940715,0.5730155110359192
13,1,19,0.4626164242094514,-0.9582768787195779,0.7436338067054749
13,1,20,0.28087425755573836,-0.9830599014450843,0.56855708360672
13,1,21,0.38000634845776365,-0.9334938559940715,0.7323946952819824
13,1,22,0.25609123483023205,-0.9500158711444091,0.5606107115745544
13,1,23,0.1321761212027004,0.0,0.9957541227340698
13,1,24,-0.1321761212027004,0.0,0.9937231540679932
13,1,25,0.22304720452955693,0.7930567272162025,0.5845168828964233
13,1,26,-0.14043712877786918,0.8674057953927213,0.6165086627006531
13,1,27,-0.0330440303006751,1.6026354695827423,0.5880385041236877
13,1,28,-0.2313082121047257,1.7100285680599365,0.5626168251037598
13,1,29,-0.14043712877786918,1.7100285680599365,0.5931190252304077
13,1,30,-0.2973962727060759,1.8339436816874681,0.526002824306488
13,1,31,0.10739309847719408,1.7843776362364554,0.6365319490432739
13,1,32,0.09087108332685652,1.8917707347136494,0.5744343996047974
13,2,0,-0.24894641501671477,-1.3712458269773142,0.9987733364105223
13,2,1,-0.19997334976752498,-1.4365432473095672,0.9987565279006958
13,2,2,-0.1754868171429301,-1.4365432473095672,0.9986745715141296
13,2,3,-0.15916246205986684,-1.4365432473095672,0.9988951086997986
13,2,4,-0.24078423747518315,-1.4365432473095672,0.9986241459846495
13,2,5,-0.24894641501671477,-1.4365432473095672,0.9983822703361512
13,2,6,-0.24894641501671477,-1.4365432473095672,0.9985881447792052
13,2,7,-0.061216331561487244,-1.3957323596019091,0.9982746243476868
13,2,8,-0.16732463960139846,-1.3957323596019091,0.9984543323516846
13,2,9,-0.19997334976752498,-1.2977862291035296,0.9979021549224854
13,2,10,-0.24894641501671477,-1.2977862291035296,0.9979265332221984
13,2,11,0.1265137518937403,-1.0121100151499225,0.9988937973976136
13,2,12,-0.15916246205986684,-0.9876234825253275,0.997292459011078
13,2,13,0.061216331561487244,-0.5060550075749612,0.6613991856575012
13,2,14,-0.15916246205986684,-0.4325954097011765,0.5224765539169312
13,2,15,-0.3142438353489678,-0.8080555766116316,0.7749149799346924
13,2,16,-0.3877034332227525,-0.8243799316946948,0.5556409358978271
13,2,17,-0.4285143209304107,-0.8733529969438847,0.7659342288970947
13,2,18,-0.47748738617960046,-0.865190819402353,0.5483109354972839
13,2,19,-0.4121899658473474,-0.9223260621930744,0.7622624635696411
13,2,20,-0.4530008535550056,-0.9141638846515429,0.5433202385902405
13,2,21,-0.3795412556812209,-0.9060017071100112,0.7500278353691101
13,2,22,-0.42035214338887905,-0.9060017071100112,0.536033570766449
13,2,23,0.11835157435220867,-0.008162177541531632,0.9958535432815552
13,2,24,-0.11835157435220867,0.008162177541531632,0.9938035011291504
13,2,25,0.08570286418608214,0.865190819402353,0.6171317100524902
13,2,26,-0.061216331561487244,0.865190819402353,0.5960500240325928
13,2,27,0.13467592943527193,1.7711925265123643,0.6152012348175049
13,2,28,0.1265137518937403,1.6569220409309213,0.5499821901321411
13,2,29,0.20813552730905663,1.9099495447184018,0.6102299690246582
13,2,30,0.19997334976752498,1.8120034142200223,0.5165070295333862
13,2,31,-0.1754868171429301,1.934436077342997,0.6563145518302917
13,2,32,-0.13467592943527193,1.860976479469212,0.5693050622940063
14,1,0,0.04076745525254329,-1.3453260233339286,0.998762309551239
14,1,1,0.04892094630305195,-1.4024004606874891,0.9987615346908568
14,1,2,0.04892094630305195,-1.4024004606874891,0.9986757040023804
14,1,3,0.05707443735356061,-1.4024004606874891,0.9988948106765748
14,1,4,0.016306982101017317,-1.4024004606874891,0.9986245036125184
14,1,5,0.0,-1.4024004606874891,0.9983930587768556
14,1,6,-0.024460473151525976,-1.3942469696369806,0.9986066818237304
14,1,7,0.008153491050508659,-1.3779399875359633,0.9983135461807252
14,1,8,-0.0978418926061039,-1.3534795143844374,0.9985365867614746
14,1,9,0.08153491050508659,-1.2719446038793507,0.99795800447464
14,1,10,0.032613964202034634,-1.2800980949298593,0.9980195760726928
14,1,11,0.08153491050508659,-1.002879399212565,0.9988236427307128
14,1,12,-0.17937680311119047,-0.9947259081620563,0.9975385665893556
14,1,13,0.20383727626271647,-0.5218234272325541,0.6218171715736389
14,1,14,-0.04892094630305195,-0.4565954988284849,0.5697466135025024
14,1,15,0.3506001151718723,-0.8398095782023918,0.7526237368583679
14,1,16,0.2527582225657684,-0.8479630692529004,0.5988601446151733
14,1,17,0.4729024809295022,-0.9376514708084958,0.743249773979187
14,1,18,0.3424466241213637,-0.9376514708084958,0.5905078053474426
14,1,19,0.4239815346264502,-0.9702654350105303,0.7389877438545227
14,1,20,0.3179861509698377,-0.9947259081620563,0.5856078863143921
14,1,21,0.3750605883233983,-0.9458049618590044,0.7275137305259705
14,1,22,0.28537218676780307,-0.9702654350105303,0.5777906775474548
14,1,23,0.11414887470712122,0.0,0.9957577586174012
14,1,24,-0.11414887470712122,0.0,0.9939723014831544
14,1,25,0.17937680311119047,0.7745816497983226,0.5783663392066956
14,1,26,-0.0978418926061039,0.8479630692529004,0.6098546385765076
14,1,27,-0.07338141945457792,1.5899307548491883,0.5741768479347229
14,1,28,-0.1956837852122078,1.671465665354275,0.5513777136802673
14,1,29,-0.17122331206068184,1.7122331206068182,0.5753966569900513
14,1,30,-0.26906520466678574,1.8182285042634307,0.5151195526123047
14,1,31,0.11414887470712122,1.7366935937583443,0.6265264749526978
14,1,32,0.1386093478586472,1.8426889774149569,0.5702279806137085
14,2,0,-0.2253417169791975,-1.360244546128974,0.9988720417022704
14,2,1,-0.1761762514564635,-1.4339927444130751,0.99887216091156
14,2,2,-0.1597877629488855,-1.4339927444130751,0.9987937808036804
14,2,3,-0.1433992744413075,-1.4339927444130751,0.9989941120147704
14,2,4,-0.21714747272540852,-1.4339927444130751,0.998748242855072
14,2,5,-0.21714747272540852,-1.4339927444130751,0.998537540435791
14,2,6,-0.2253417169791975,-1.4339927444130751,0.9987335801124572
14,2,7,-0.053262587649628504,-1.401215767397919,0.998467981815338
14,2,8,-0.1597877629488855,-1.401215767397919,0.9986539483070374
14,2,9,-0.1761762514564635,-1.294690592098662,0.9981242418289183
14,2,10,-0.2253417169791975,-1.294690592098662,0.9981587529182434
14,2,11,0.1352050301875185,-1.016086287469836,0.9989003539085388
14,2,12,-0.18437049571025252,-0.9833093104546801,0.9974777102470398
14,2,13,0.0696510761572065,-0.508043143734918,0.6585603356361389
14,2,14,-0.2253417169791975,-0.43429494545081704,0.5347156524658203
14,2,15,-0.3154784037708765,-0.811230181125111,0.7731406092643738
14,2,16,-0.4220035790701335,-0.8603956466478451,0.579054594039917
14,2,17,-0.4220035790701335,-0.8767841351554231,0.7604966759681702
14,2,18,-0.48755753310044553,-0.909561112170579,0.56986004114151
14,2,19,-0.3974208463087665,-0.934143844931946,0.7561159729957581
14,2,20,-0.4629748003390785,-0.950532333439524,0.5640077590942383
14,2,21,-0.36464386929361053,-0.917755356424368,0.7433129549026489
14,2,22,-0.4220035790701335,-0.950532333439524,0.5562899112701416
14,2,23,0.1270107859337295,-0.008194244253789,0.9958809018135072
14,2,24,-0.1270107859337295,0.008194244253789,0.9940794706344604
14,2,25,0.0778453204109955,0.8522014023940561,0.6124444007873535
14,2,26,-0.053262587649628504,0.8685898909016341,0.5970357656478882
14,2,27,0.1352050301875185,1.7781510030722132,0.60517418384552
14,2,28,0.1352050301875185,1.671625827772956,0.547035813331604
14,2,29,0.2089532284716195,1.925647399640415,0.5953588485717773
14,2,30,0.2089532284716195,1.835510712848736,0.5107359886169434
14,2,31,-0.1679820072026745,1.942035888147993,0.6498629450798035
14,2,32,-0.11062229742615151,1.860093445610103,0.5727331042289734
15,1,0,0.06683104578334974,-1.3324439753055353,0.9986398220062256
15,1,1,0.07518492650626846,-1.4076289018118038,0.9986140131950378
15,1,2,0.08353880722918716,-1.4076289018118038,0.9985083341598512
15,1,3,0.08353880722918716,-1.4076289018118038,0.9987967610359192
15,1,4,0.05847716506043102,-1.4076289018118038,0.9984710216522216
15,1,5,0.04176940361459358,-1.3992750210888851,0.9982597231864928
15,1,6,0.03341552289167487,-1.3992750210888851,0.9985340237617492
15,1,7,0.03341552289167487,-1.374213378920129,0.9980018734931946
15,1,8,-0.03341552289167487,-1.36585949819721,0.9983313083648682
15,1,9,0.10860044939794332,-1.2656129295221856,0.9975013136863708
15,1,10,0.07518492650626846,-1.2656129295221856,0.9974711537361144
15,1,11,-0.02506164216875615,-0.989934865665868,0.9986100792884828
15,1,12,-0.09189268795210588,-1.0066426271117053,0.9976480007171632
15,1,13,0.04176940361459358,-0.46364038012198877,0.5975975394248962
15,1,14,0.05847716506043102,-0.44693261867615136,0.5796808004379272
15,1,15,0.16707761445837432,-0.33833216927820803,0.7033368349075317
15,1,16,0.27567806385631766,-0.9063960584366808,0.6179787516593933
15,1,17,0.24226254096464278,-0.30491664638653315,0.6938386559486389
15,1,18,0.3592168710855048,-0.989934865665868,0.607891321182251
15,1,19,0.2589703024104802,-0.34668605000112673,0.6901934742927551
15,1,20,0.32580134819382994,-1.0233503885575428,0.6022680401802063
15,1,21,0.22555477951880534,-0.3633938114469642,0.6792013049125671
15,1,22,0.29238582530215507,-1.0066426271117053,0.5930559635162354
15,1,23,0.02506164216875615,0.004176940361459359,0.9954201579093932
15,1,24,-0.02506164216875615,-0.004176940361459359,0.9936915040016174
15,1,25,0.13366209156669948,0.7727339668699813,0.5770847201347351
15,1,26,-0.08353880722918716,0.8479188933762497,0.6102190613746643
15,1,27,-0.13366209156669948,1.5914142777160156,0.5702790021896362
15,1,28,-0.17543149518129306,1.7167224885597963,0.5580569505691528
15,1,29,-0.22555477951880534,1.7334302500056338,0.5693315863609314
15,1,30,-0.27567806385631766,1.900507864464008,0.5216996073722839
15,1,31,0.09189268795210588,1.725076369282715,0.6278146505355835
15,1,32,0.17543149518129306,1.8838001030181706,0.5858985781669617
15,2,0,-0.18696039918520274,-1.3405458409662407,0.9987326264381408
15,2,1,-0.1392258291804701,-1.4121476959733397,0.9987184405326844
15,2,2,-0.13127006751301468,-1.4121476959733397,0.9986175298690796
15,2,3,-0.12331430584555925,-1.4121476959733397,0.9988880753517152
15,2,4,-0.17104887585029185,-1.4121476959733397,0.998584806919098
15,2,5,-0.17900463751774728,-1.4121476959733397,0.9983808398246764
15,2,6,-0.18696039918520274,-1.4121476959733397,0.9986397624015808
15,2,7,-0.0914912591757375,-1.3723688876360627,0.9981711506843568
15,2,8,-0.16309311418283642,-1.380324649303518,0.9984039664268494
15,2,9,-0.14718159084792556,-1.2689439859591418,0.9976636171340942
15,2,10,-0.17900463751774728,-1.2768997476265973,0.9975770711898804
15,2,11,0.04375668917100489,-1.0064038509331126,0.9986859560012816
15,2,12,-0.155137352515381,-0.9904923275982017,0.9973629713058472
15,2,13,-0.09944702084319294,-0.48927934254850924,0.6363481879234314
15,2,14,-0.21082768418756903,-0.4733678192135984,0.534687876701355
15,2,15,-0.2983410625295788,-0.5847484825579745,0.7275773286819458
15,2,16,-0.30629682419703425,-0.831377094249093,0.5801681280136108
15,2,17,-0.39381020253904403,-0.5847484825579745,0.7146320939064026
15,2,18,-0.37789867920413317,-0.8791116642538256,0.5721782445907593
15,2,19,-0.37789867920413317,-0.6324830525627071,0.7107882499694824
15,2,20,-0.3619871558692223,-0.9109347109236473,0.566393256187439
15,2,21,-0.34607563253431145,-0.6324830525627071,0.6985426545143127
15,2,22,-0.3142525858644897,-0.8870674259212811,0.5586325526237488
15,2,23,0.0914912591757375,-0.0039778808337277176,0.9952971935272216
15,2,24,-0.0914912591757375,0.0039778808337277176,0.9934712052345276
15,2,25,0.059668212505915766,0.8711559025863702,0.6080107092857361
15,2,26,-0.0676239741733712,0.8552443792514592,0.5825538635253906
15,2,27,0.13127006751301468,1.6985551160017354,0.5959967374801636
15,2,28,0.12331430584555925,1.5951302143248147,0.5407298803329468
15,2,29,0.18696039918520274,1.8338030643484777,0.5884958505630493
15,2,30,0.18696039918520274,1.7542454476739235,0.5121753811836243
15,2,31,-0.12331430584555925,1.8417588260159332,0.6465599536895752
15,2,32,-0.04375668917100489,1.7542454476739235,0.5766756534576416
16,1,0,0.09087108332685652,-1.3382832271773415,0.9988124370574952
16,1,1,0.08261007575168774,-1.4043712877786918,0.9988107085227966
16,1,2,0.09087108332685652,-1.4043712877786918,0.9987115859985352
16,1,3,0.09913209090202531,-1.4043712877786918,0.9989629983901978
16,1,4,0.05782705302618143,-1.4043712877786918,0.9986822605133056
16,1,5,0.049566045451012654,-1.4043712877786918,0.9984933733940125
16,1,6,0.0330440303006751,-1.4043712877786918,0.9987384676933287
16,1,7,0.05782705302618143,-1.3713272574780166,0.9982828497886658
16,1,8,-0.024783022725506327,-1.3713272574780166,0.9985378980636596
16,1,9,0.09913209090202531,-1.2639341590008226,0.9978325963020324
16,1,10,0.07434906817651897,-1.2639341590008226,0.9977658987045288
16,1,11,0.024783022725506327,-0.991320909020253,0.9986249804496764
16,1,12,-0.08261007575168774,-1.0078429241705906,0.997605800628662
16,1,13,0.08261007575168774,-0.5121824696604641,0.5821099877357483
16,1,14,0.01652201515033755,-0.5039214620852953,0.579006552696228
16,1,15,0.23956921967989447,-0.8756668029678901,0.6821612119674683
16,1,16,0.24783022725506326,-0.9087108332685653,0.6175203919410706
16,1,17,0.30565728028124467,-0.9665378862947467,0.674202561378479
16,1,18,0.31391828785641346,-0.9995819165954218,0.607468843460083
16,1,19,0.27261324998056957,-0.991320909020253,0.6707172989845276
16,1,20,0.28087425755573836,-1.0408869544712656,0.6017702221870422
16,1,21,0.2313082121047257,-0.9417548635692403,0.659951388835907
16,1,22,0.25609123483023205,-1.0078429241705906,0.5924585461616516
16,1,23,0.0660880606013502,0.008261007575168774,0.9954470992088318
16,1,24,-0.0660880606013502,-0.008261007575168774,0.993753969669342
16,1,25,0.1652201515033755,0.7847957196410337,0.5771297812461853
16,1,26,-0.08261007575168774,0.8508837802423839,0.6039760708808899
16,1,27,-0.01652201515033755,1.5943744620075735,0.576035737991333
16,1,28,-0.17348115907854428,1.693506552909599,0.5613680481910706
16,1,29,-0.10739309847719408,1.726550583210274,0.5758836269378662
16,1,30,-0.25609123483023205,1.866987711988143,0.5237971544265747
16,1,31,0.1652201515033755,1.7678556210861178,0.6415512561798096
16,1,32,0.18174216665371304,1.866987711988143,0.5948776602745056
16,2,0,-0.1996330125752444,-1.3415338445056424,0.9988595247268676
16,2,1,-0.15970641006019554,-1.4134017290327303,0.9988719820976256
16,2,2,-0.14373576905417598,-1.4134017290327303,0.9987740516662598
16,2,3,-0.1357504485511662,-1.4134017290327303,0.9990189671516418
16,2,4,-0.18366237156922485,-1.4134017290327303,0.9987441897392272
16,2,5,-0.19164769207223462,-1.4134017290327303,0.9985508918762208
16,2,6,-0.1996330125752444,-1.4134017290327303,0.9987896680831908
16,2,7,-0.11977980754514664,-1.3654898060146716,0.9984022378921508
16,2,8,-0.20761833307825417,-1.3654898060146716,0.9985421299934388
16,2,9,-0.1676917305632053,-1.2616806394755447,0.99792218208313
16,2,10,-0.1996330125752444,-1.2696659599785545,0.9977774620056152
16,2,11,0.0,-0.998165062876222,0.9987038969993592
16,2,12,-0.21560365358126396,-0.9901797423732123,0.9969387650489808
16,2,13,-0.047911923018058654,-0.5030751916896159,0.6231486201286316
16,2,14,-0.11977980754514664,-0.5270311531986452,0.5283102989196777
16,2,15,-0.2715008971023324,-0.8145026913069972,0.7119505405426025
16,2,16,-0.2315742945872835,-0.7985320503009776,0.566551923751831
16,2,17,-0.35933942263543994,-0.926297178349134,0.7026022672653198
16,2,18,-0.2635155765993226,-0.8703999348280655,0.5586851835250854
16,2,19,-0.35933942263543994,-0.9582384603611731,0.699088454246521
16,2,20,-0.24754493559330307,-0.8863705758340852,0.5532578229904175
16,2,21,-0.3353834611264106,-0.9183118578461242,0.6878541111946106
16,2,22,-0.23955961509029328,-0.8703999348280655,0.5457448363304138
16,2,23,0.08783852553310753,-0.007985320503009777,0.9950351715087892
16,2,24,-0.08783852553310753,0.007985320503009777,0.992758333683014
16,2,25,0.023955961509029327,0.854429293822046,0.6122896075248718
16,2,26,-0.11179448704213686,0.8624146143250558,0.5824925899505615
16,2,27,0.14373576905417598,1.6928879466380726,0.6027801036834717
16,2,28,0.11179448704213686,1.6529613441230238,0.5446133017539978
16,2,29,0.1996330125752444,1.8286383951892387,0.5960161089897156
16,2,30,0.19164769207223462,1.8126677541832192,0.5141698718070984
16,2,31,-0.08783852553310753,1.8286383951892387,0.6587033867835999
16,2,32,-0.07186788452708799,1.8286383951892387,0.5808767676353455
17,1,0,0.13691060399423563,-1.3400643966708516,0.9989279508590698
17,1,1,0.1037201545410876,-1.4147429079404348,0.9989509582519532
17,1,2,0.1037201545410876,-1.4147429079404348,0.9988526105880736
17,1,3,0.1037201545410876,-1.4147429079404348,0.9990834593772888
17,1,4,0.08712492981451359,-1.4147429079404348,0.9988301992416382
17,1,5,0.07052970508793957,-1.4064452955771478,0.998647391796112
17,1,6,0.05393448036136555,-1.4064452955771478,0.9988747835159302
17,1,7,0.07052970508793957,-1.3732548461239997,0.9984925389289856
17,1,8,0.004148806181643504,-1.3732548461239997,0.9986577033996582
17,1,9,0.1286129916309486,-1.2653858854012687,0.998069167137146
17,1,10,0.1037201545410876,-1.2653858854012687,0.997948169708252
17,1,11,0.029041643271504526,-0.9832670650495104,0.99864661693573
17,1,12,-0.062232092724652556,-1.0164575145026584,0.9972096681594848
17,1,13,0.1286129916309486,-0.526898385068725,0.5744552612304688
17,1,14,0.1037201545410876,-0.49370793561557696,0.5714899301528931
17,1,15,0.3194580759865498,-0.9334813908697883,0.6794580817222595
17,1,16,0.3526485254396978,-0.8588028796002053,0.6011019945144653
17,1,17,0.37754136252955883,-1.0247551268659454,0.6753820180892944
17,1,18,0.41073181198270686,-0.9749694526862234,0.5901501774787903
17,1,19,0.36094613780298485,-1.0579455763190935,0.6720149517059326
17,1,20,0.38583897489284585,-1.0081599021393715,0.5845353603363037
17,1,21,0.3360533007131238,-1.0247551268659454,0.6603641510009766
17,1,22,0.36094613780298485,-0.9832670650495104,0.5746146440505981
17,1,23,0.037339255634791534,0.004148806181643504,0.995294988155365
17,1,24,-0.037339255634791534,-0.004148806181643504,0.9931640028953552
17,1,25,0.11201776690437461,0.8173148177837702,0.5787419676780701
17,1,26,-0.04563686799807854,0.8422076548736313,0.5996086001396179
17,1,27,-0.1286129916309486,1.630480829385897,0.5853047966957092
17,1,28,-0.15350582872080965,1.713456953018767,0.5645198225975037
17,1,29,-0.2281843399903927,1.7632426271984891,0.5819766521453857
17,1,30,-0.25307717708025373,1.9043020373743682,0.5293471813201904
17,1,31,0.09542254217780059,1.696861728292193,0.6549979448318481
17,1,32,0.15350582872080965,1.8711115879212201,0.5999597311019897
17,2,0,-0.18765652757455928,-1.3535226137824594,0.998968243598938
17,2,1,-0.14772960681401476,-1.4174056869993308,0.9989960193634032
17,2,2,-0.14772960681401476,-1.4174056869993308,0.9989027976989746
17,2,3,-0.13974422266190584,-1.4094203028472219,0.9991292953491212
17,2,4,-0.17168575927034146,-1.4253910711514397,0.9988807439804076
17,2,5,-0.17967114342245039,-1.4253910711514397,0.9986993074417114
17,2,6,-0.18765652757455928,-1.4253910711514397,0.9989171028137208
17,2,7,-0.13175883850979694,-1.3535226137824594,0.9985857605934144
17,2,8,-0.19564191172666817,-1.3694933820866773,0.998650848865509
17,2,9,-0.17967114342245039,-1.2656833881092615,0.99812251329422
17,2,10,-0.2036272958787771,-1.2736687722613704,0.9979140162467957
17,2,11,-0.035934228684490074,-0.9782095586333409,0.998708724975586
17,2,12,-0.2435542166393216,-1.0021657110896676,0.9965317249298096
17,2,13,0.003992692076054453,-0.5230426619631333,0.6160948276519775
17,2,14,-0.14772960681401476,-0.48311574120258877,0.5202218294143677
17,2,15,-0.2275834483351038,-0.7945457231348361,0.7085341215133667
17,2,16,-0.019963460380272264,-0.6587941925489847,0.5483872890472412
17,2,17,-0.3234080581604107,-0.8504434121995984,0.7021198868751526
17,2,18,-0.09183191774925241,-0.7226772657658559,0.5398377776145935
17,2,19,-0.33139344231251955,-0.890370332960143,0.6986424326896667
17,2,20,-0.09981730190136132,-0.7546188023742916,0.5347500443458557
17,2,21,-0.299451905704084,-0.8743995646559252,0.6862298846244812
17,2,22,-0.11578807020557913,-0.7546188023742916,0.5264245271682739
17,2,23,0.0758611494450346,-0.003992692076054453,0.995113492012024
17,2,24,-0.0758611494450346,0.003992692076054453,0.9925724864006042
17,2,25,0.027948844532381167,0.8344726438953807,0.6143940687179565
17,2,26,-0.05190499698870789,0.8185018755911628,0.5883117914199829
17,2,27,0.09981730190136132,1.6968941323231423,0.614943265914917
17,2,28,0.10780268605347022,1.648981827410489,0.5581828951835632
17,2,29,0.14772960681401476,1.8246602787568849,0.6072825789451599
17,2,30,0.15571499096612365,1.808689510452667,0.5263512134552002
17,2,31,-0.14772960681401476,1.7607772055400137,0.6749674081802368
17,2,32,-0.0838465335971435,1.7847333579963405,0.5930654406547546
18,1,0,0.1410193652647262,-1.3645697403557329,0.9989994764328004
18,1,1,0.10783833814361415,-1.430931794597957,0.9990559816360474
18,1,2,0.09954308136333614,-1.422636537817679,0.9989663362503052
18,1,3,0.09954308136333614,-1.422636537817679,0.999176263809204
18,1,4,0.09124782458305813,-1.430931794597957,0.9989410042762756
18,1,5,0.0746573110225021,-1.430931794597957,0.9987703561782836
18,1,6,0.05806679746194608,-1.422636537817679,0.9989744424819946
18,1,7,0.06636205424222409,-1.372864997136011,0.9986671209335328
18,1,8,0.0,-1.381160253916289,0.9987612366676332
18,1,9,0.13272410848444818,-1.2816171725529528,0.998245894908905
18,1,10,0.11613359492389216,-1.289912429333231,0.9980682134628296
18,1,11,0.024885770340834036,-0.9829879284629444,0.9987369775772096
18,1,12,-0.08295256780278011,-1.0161689555840565,0.996851682662964
18,1,13,0.13272410848444818,-0.48527252164626367,0.5645357370376587
18,1,14,0.033181027121112046,-0.46038675130542966,0.5645251274108887
18,1,15,0.3566960415519545,-0.7921970225165501,0.6657009720802307
18,1,16,0.3981723254533446,-0.6760634275926579,0.5812785625457764
18,1,17,0.44794386613501264,-0.8419685631982182,0.6639720797538757
18,1,18,0.4894201500364027,-0.7921970225165501,0.5673170685768127
18,1,19,0.4313533525744566,-0.8834448470996082,0.6608890295028687
18,1,20,0.4562391229152906,-0.8336733064179401,0.5614937543869019
18,1,21,0.40646758223362256,-0.8668543335390522,0.6491754055023193
18,1,22,0.4230580957941786,-0.8170827928573842,0.5499340295791626
18,1,23,0.04977154068166807,0.004147628390139006,0.9953696131706238
18,1,24,-0.04977154068166807,-0.004147628390139006,0.9929197430610656
18,1,25,0.0746573110225021,0.767311252175716,0.5782999992370605
18,1,26,-0.05806679746194608,0.7839017657362721,0.5918671488761902
18,1,27,-0.10783833814361415,1.5138843624007372,0.5886111855506897
18,1,28,-0.11613359492389216,1.6051321869837953,0.5606971979141235
18,1,29,-0.2073814195069503,1.6631989844457413,0.589055061340332
18,1,30,-0.2156766762872283,1.7627420658090776,0.5278539061546326
18,1,31,0.05806679746194608,1.6714942412260194,0.6570817232131958
18,1,32,0.12442885170417017,1.7627420658090776,0.5943325757980347
18,2,0,-0.19743726509600837,-1.3738343029597249,0.9990400671958924
18,2,1,-0.18098415967134102,-1.4314201719460606,0.9990971088409424
18,2,2,-0.18098415967134102,-1.4314201719460606,0.999012291431427
18,2,3,-0.18098415967134102,-1.4231936192337271,0.9992194771766664
18,2,4,-0.19743726509600837,-1.4314201719460606,0.9989873766899108
18,2,5,-0.21389037052067575,-1.4314201719460606,0.998818576335907
18,2,6,-0.2221169232330094,-1.4314201719460606,0.999014377593994
18,2,7,-0.16453105424667364,-1.3820608556720586,0.9987510442733764
18,2,8,-0.20566381780834206,-1.3902874083843924,0.998775064945221
18,2,9,-0.19743726509600837,-1.2833422231240545,0.9983370304107666
18,2,10,-0.21389037052067575,-1.291568775836388,0.9980918169021606
18,2,11,-0.07403897441100314,-0.9871863254800419,0.9988471865653992
18,2,12,-0.1892107123836747,-0.9954128781923756,0.9965214133262634
18,2,13,0.10694518526033787,-0.49359316274002096,0.6077066659927368
18,2,14,-0.06581242169866947,-0.4689135046030199,0.5119279026985168
18,2,15,-0.25502313408234417,-0.6498976642743609,0.6979450583457947
18,2,16,-0.16453105424667364,-0.542952479014023,0.5282186269760132
18,2,17,-0.38664797747968305,-0.6581242169866945,0.6949783563613892
18,2,18,-0.30438245035634626,-0.5840852425756915,0.5174275040626526
18,2,19,-0.38664797747968305,-0.7239366386853641,0.6919624209403992
18,2,20,-0.30438245035634626,-0.6087649007126925,0.5122618079185486
18,2,21,-0.34551521391801465,-0.7239366386853641,0.6800535321235657
18,2,22,-0.2797027922193452,-0.6087649007126925,0.5023605823516846
18,2,23,0.024679658137001046,0.0,0.9953033924102784
18,2,24,-0.024679658137001046,0.0,0.9920334815979004
18,2,25,-0.08226552712333682,0.8226552712333682,0.6107272505760193
18,2,26,0.0,0.8062021658087009,0.560276985168457
18,2,27,0.057585868986335775,1.6617636478914037,0.611935019493103
18,2,28,0.09049207983567051,1.5877246734804007,0.53391432762146
18,2,29,0.15630450153433997,1.8427478075627448,0.6138882040977478
18,2,30,0.16453105424667364,1.7933884912887428,0.5118876099586487
18,2,31,-0.21389037052067575,1.80984159671341,0.6692211031913757
18,2,32,-0.12339829068500524,1.7687088331517418,0.5686354637145996
19,1,0,0.1380451081898441,-1.3720847117051174,0.999085009098053
19,1,1,0.11294599760987245,-1.4222829328650606,0.9991589188575744
19,1,2,0.10457962741654857,-1.4222829328650606,0.999077320098877
19,1,3,0.10457962741654857,-1.4222829328650606,0.999268352985382
19,1,4,0.0878468870299008,-1.4222829328650606,0.9990524649620056
19,1,5,0.07948051683657692,-1.4222829328650606,0.9988928437232972
19,1,6,0.06274777644992914,-1.4222829328650606,0.999076247215271
19,1,7,0.06274777644992914,-1.388817452091765,0.9988335967063904
19,1,8,0.01254955528998583,-1.3804510818984412,0.9988802075386048
19,1,9,0.12967873799652022,-1.2884210097718785,0.9984626770019532
19,1,10,0.11294599760987245,-1.2884210097718785,0.9982480406761168
19,1,11,0.01254955528998583,-0.9872316828122185,0.9988980293273926
19,1,12,-0.05438140625660526,-1.0123307933921901,0.9968531727790833
19,1,13,0.1380451081898441,-0.4852494712127854,0.5596736669540405
19,1,14,0.07948051683657692,-0.4601503606328137,0.5576821565628052
19,1,15,0.3472043630229413,-0.6944087260458826,0.6609259843826294
19,1,16,0.3890362139895607,-0.6525768750792631,0.5664816498756409
19,1,17,0.4225016947628562,-0.7864387981724452,0.6620638966560364
19,1,18,0.48106628611612345,-0.7697060577857975,0.5516773462295532
19,1,19,0.41413532456953234,-0.8115379087524169,0.6592722535133362
19,1,20,0.44760080534282787,-0.8199042789457408,0.5460637211799622
19,1,21,0.37230347360291294,-0.7864387981724452,0.6482554078102112
19,1,22,0.41413532456953234,-0.7948051683657691,0.5340989828109741
19,1,23,0.037648665869957486,0.0,0.9954737424850464
19,1,24,-0.037648665869957486,0.0,0.9923699498176576
19,1,25,0.0878468870299008,0.8115379087524169,0.5700224041938782
19,1,26,-0.037648665869957486,0.7613396875924736,0.5530300736427307
19,1,27,-0.09621325722322469,1.5561448559582427,0.5748419761657715
19,1,28,-0.09621325722322469,1.5896103367315382,0.5245615243911743
19,1,29,-0.17151058896313967,1.6230758175048339,0.5859655737876892
19,1,30,-0.18824332934978744,1.8071359617579592,0.5070546865463257
19,1,31,0.037648665869957486,1.6063430771181861,0.638884961605072
19,1,32,0.1380451081898441,1.756937740598016,0.5610304474830627
19,2,0,-0.17284975176652448,-1.3827980141321958,0.9991274476051332
19,2,1,-0.1481569300855924,-1.4321836574940598,0.9991987943649292
19,2,2,-0.1481569300855924,-1.4321836574940598,0.9991227388381958
19,2,3,-0.1481569300855924,-1.4239527169337491,0.999308943748474
19,2,4,-0.17284975176652448,-1.4404145980543706,0.9990987181663512
19,2,5,-0.18108069232683516,-1.4404145980543706,0.9989461302757264
19,2,6,-0.18931163288714584,-1.4404145980543706,0.9991195797920228
19,2,7,-0.1399259895252817,-1.3910289546925065,0.998909056186676
19,2,8,-0.17284975176652448,-1.399259895252817,0.9989086389541626
19,2,9,-0.18108069232683516,-1.3004886085290888,0.9985485672950744
19,2,10,-0.18931163288714584,-1.3004886085290888,0.998287558555603
19,2,11,-0.0740784650427962,-0.9959438077975934,0.9989936947822572
19,2,12,-0.18108069232683516,-0.9877128672372827,0.9966457486152648
19,2,13,0.12346410840466034,-0.49385643361864134,0.6032960414886475
19,2,14,-0.04115470280155344,-0.4609326713773986,0.5053383111953735
19,2,15,-0.24692821680932067,-0.6337824231439231,0.6936893463134766
19,2,16,-0.16461881120621377,-0.5350111364201948,0.5150203704833984
19,2,17,-0.3786232657742917,-0.6420133637042338,0.6934871077537537
19,2,18,-0.2222353951283886,-0.49385643361864134,0.5037470459938049
19,2,19,-0.3786232657742917,-0.7078608881867192,0.6907589435577393
19,2,20,-0.25515915736963135,-0.5926277203423695,0.4988061487674713
19,2,21,-0.33746856297273825,-0.7078608881867192,0.6795591115951538
19,2,22,-0.2304663356886993,-0.5926277203423695,0.4884953796863556
19,2,23,0.024692821680932068,-0.00823094056031069,0.9954938292503356
19,2,24,-0.024692821680932068,0.00823094056031069,0.9917840957641602
19,2,25,-0.05761658392217482,0.8642487588326223,0.6054667234420776
19,2,26,-0.024692821680932068,0.7490155909882726,0.5249712467193604
19,2,27,0.08230940560310689,1.6461881120621378,0.6018884778022766
19,2,28,0.10700222728403895,1.5968024687002738,0.5027363896369934
19,2,29,0.19754257344745654,1.8272688043889729,0.6128666996955872
19,2,30,0.18931163288714584,1.7943450421477303,0.4963535368442535
19,2,31,-0.20577351400776722,1.802575982708041,0.6558172106742859
19,2,32,-0.0740784650427962,1.7696522204667982,0.5423415899276733
20,1,0,0.16033612548370224,-1.362857066611469,0.9989838600158693
20,1,1,0.13501989514417032,-1.4219282707370435,0.999086320400238
20,1,2,0.13501989514417032,-1.4219282707370435,0.9989892840385436
20,1,3,0.13501989514417032,-1.413489527290533,0.999212086200714
20,1,4,0.11814240825114902,-1.4219282707370435,0.9989949464797974
20,1,5,0.10126492135812773,-1.4219282707370435,0.998816192150116
20,1,6,0.09282617791161708,-1.413489527290533,0.9990198612213136
20,1,7,0.09282617791161708,-1.388173296951001,0.9986919164657592
20,1,8,0.050632460679063865,-1.3797345535044903,0.9987860918045044
20,1,9,0.1518973820371916,-1.2869083755928732,0.998224437236786
20,1,10,0.13501989514417032,-1.295347119039384,0.9980013370513916
20,1,11,-0.008438743446510645,-0.9915523549650007,0.9986907839775084
20,1,12,0.01687748689302129,-1.008429841858022,0.9968570470809937
20,1,13,0.08438743446510644,-0.45991151783483014,0.5479431748390198
20,1,14,0.0759486910185958,-0.4430340309418088,0.5503925681114197
20,1,15,0.29535602062787253,-0.4767890047278514,0.6300814747810364
20,1,16,0.48944711989761736,-0.5189827219604046,0.5415325164794922
20,1,17,0.38818219853948965,-0.48522774817436204,0.6322193145751953
20,1,18,0.6329057584882983,-0.5274214654069153,0.5259467959403992
20,1,19,0.4725696330045961,-0.5864926695324898,0.6300833821296692
20,1,20,0.6329057584882983,-0.6033701564255111,0.5205502510070801
20,1,21,0.38818219853948965,-0.5696151826394685,0.6197323203086853
20,1,22,0.5822732978092344,-0.5949314129790004,0.5063355565071106
20,1,23,-0.04219371723255322,0.004219371723255322,0.9949128031730652
20,1,24,0.04219371723255322,-0.004219371723255322,0.9915316700935364
20,1,25,0.008438743446510645,0.7805837688022346,0.5682737231254578
20,1,26,0.0759486910185958,0.7805837688022346,0.5434996485710144
20,1,27,-0.08438743446510644,1.5822643962207459,0.5755510330200195
20,1,28,-0.008438743446510645,1.675090574132363,0.5225658416748047
20,1,29,-0.20252984271625546,1.675090574132363,0.5908291339874268
20,1,30,-0.12658115169765966,1.8269879561695546,0.5168775916099548
20,1,31,0.06750994757208516,1.6835293175788735,0.6309264302253723
20,1,32,0.21940732960927675,1.8185492127230438,0.5552770495414734
20,2,0,-0.22282551582958113,-1.3693640790981532,0.9990220069885254
20,2,1,-0.17420903964858162,-1.4260833013093193,0.9991021752357484
20,2,2,-0.16610629361841503,-1.4179805552791527,0.9990115761756896
20,2,3,-0.15800354758824844,-1.4179805552791527,0.9992315769195556
20,2,4,-0.19041453170891479,-1.4260833013093193,0.9990223050117492
20,2,5,-0.19851727773908137,-1.4260833013093193,0.998858630657196
20,2,6,-0.20662002376924796,-1.4260833013093193,0.9990554451942444
20,2,7,-0.15800354758824844,-1.3855695711584863,0.9987344741821288
20,2,8,-0.19851727773908137,-1.3855695711584863,0.9987860321998596
20,2,9,-0.21472276979941454,-1.296439364826654,0.9983067512512208
20,2,10,-0.2309282618597477,-1.3045421108568205,0.9980090260505676
20,2,11,-0.0607705952262494,-1.0047405077406568,0.9988107085227966
20,2,12,-0.1823117856787482,-0.980432269650157,0.9967767596244812
20,2,13,0.10938707140724892,-0.5023702538703284,0.5926448702812195
20,2,14,-0.04456510316591623,-0.45375377768932884,0.5006573796272278
20,2,15,-0.2552364999502475,-0.49426750784016177,0.6659396886825562
20,2,16,-0.15800354758824844,-0.3160070951764969,0.4950180649757385
20,2,17,-0.39298318246307945,-0.4618565237194954,0.6666467189788818
20,2,18,-0.2552364999502475,-0.34031533326699664,0.48354572057724
20,2,19,-0.40108592849324604,-0.5185757459306616,0.6645718216896057
20,2,20,-0.3119557221614136,-0.4294455395988291,0.4789787530899048
20,2,21,-0.3605721983424131,-0.5347812379909948,0.6538854241371155
20,2,22,-0.27954473804074725,-0.43754828562899567,0.4666661620140075
20,2,23,0.05266784919608281,-0.008102746030166587,0.9948089718818665
20,2,24,-0.05266784919608281,0.008102746030166587,0.9904473423957824
20,2,25,-0.10128432537708233,0.8345828411071584,0.6026797294616699
20,2,26,-0.020256865075416467,0.7535553808054926,0.5140389204025269
20,2,27,0.07697608728658258,1.644857444123817,0.6047610640525818
20,2,28,0.09318157934691575,1.5719327298523178,0.4979187846183777
20,2,29,0.17420903964858162,1.7988096186969822,0.6176159977912903
20,2,30,0.17420903964858162,1.7096794123651498,0.5018184185028076
20,2,31,-0.21472276979941454,1.7663986345763159,0.6528339385986328
20,2,32,-0.1255925634675821,1.7096794123651498,0.5384307503700256
21,1,0,0.16180344108409664,-1.3691060399423562,0.9990742802619934
21,1,1,0.13691060399423563,-1.4188917141220783,0.9991400241851808
21,1,2,0.13691060399423563,-1.4188917141220783,0.9990538954734802
21,1,3,0.1286129916309486,-1.4188917141220783,0.9992520213127136
21,1,4,0.11201776690437461,-1.4188917141220783,0.9990716576576232
21,1,5,0.1037201545410876,-1.4188917141220783,0.9989222288131714
21,1,6,0.08712492981451359,-1.4188917141220783,0.9990994334220886
21,1,7,0.1037201545410876,-1.3857012646689302,0.9987318515777588
21,1,8,0.05393448036136555,-1.3774036523056432,0.998844563961029
21,1,9,0.16180344108409664,-1.294427528672773,0.9982815384864808
21,1,10,0.14520821635752262,-1.294427528672773,0.998041808605194
21,1,11,0.004148806181643504,-0.9957134835944409,0.9986326098442078
21,1,12,0.029041643271504526,-1.004011095957728,0.9970372915267944
21,1,13,0.04563686799807854,-0.4563686799807854,0.5398890972137451
21,1,14,0.029041643271504526,-0.4397734552542114,0.5482885241508484
21,1,15,0.1037201545410876,-0.14935702253916613,0.6042801737785339
21,1,16,0.48541032325228994,-0.29041643271504525,0.5216881036758423
21,1,17,0.11201776690437461,-0.05808328654300905,0.6060553789138794
21,1,18,0.6430649581547431,-0.24892837089861022,0.5026253461837769
21,1,19,0.14520821635752262,-0.09127373599615708,0.6042579412460327
21,1,20,0.6928506323344651,-0.29871404507833227,0.4972464442253113
21,1,21,0.14520821635752262,-0.1161665730860181,0.5943575501441956
21,1,22,0.6181721210648821,-0.3236068821681933,0.4790684878826141
21,1,23,-0.037339255634791534,0.0,0.9946248531341552
21,1,24,0.037339255634791534,0.0,0.9909241795539856
21,1,25,-0.02074403090821752,0.7633803374224047,0.5732296109199524
21,1,26,0.13691060399423563,0.7882731745122658,0.5500079393386841
21,1,27,-0.09542254217780059,1.5599511242979573,0.5956408381462097
21,1,28,0.004148806181643504,1.6346296355675405,0.5346412062644958
21,1,29,-0.17839866581067065,1.7093081468371236,0.6083580255508423
21,1,30,-0.1286129916309486,1.7922842704699937,0.5313214063644409
21,1,31,0.07052970508793957,1.6429272479308275,0.6449341773986816
21,1,32,0.2032915029005317,1.7756890457434196,0.568152904510498
21,2,0,-0.18087361104783692,-1.3815665184292225,0.999101459980011
21,2,1,-0.1269963652038004,-1.427747014866968,0.9991489052772522
21,2,2,-0.11160286639121852,-1.4200502654606773,0.9990736842155457
21,2,3,-0.10390611698492759,-1.4200502654606773,0.9992664456367492
21,2,4,-0.15008661342267318,-1.427747014866968,0.9990830421447754
21,2,5,-0.15008661342267318,-1.427747014866968,0.9989402294158936
21,2,6,-0.15778336282896413,-1.427747014866968,0.9991008043289183
21,2,7,-0.0808158687660548,-1.3815665184292225,0.998805820941925
21,2,8,-0.1269963652038004,-1.3815665184292225,0.9988296627998352
21,2,9,-0.16548011223525505,-1.3045990243663133,0.9984067678451538
21,2,10,-0.18857036045412787,-1.312295773772604,0.9981293082237244
21,2,11,-0.019241873515727332,-1.0198192963335486,0.9987660050392152
21,2,12,-0.14238986401638226,-0.973638799895803,0.99714195728302
21,2,13,0.173176861641546,-0.5272273343309289,0.5857976675033569
21,2,14,-0.07311911935976387,-0.47335008848689236,0.5001383423805237
21,2,15,-0.2193573580792916,-0.3886858450176921,0.6436476111412048
21,2,16,-0.173176861641546,-0.25784110511074626,0.4862983822822571
21,2,17,-0.3425053485799465,-0.31941510036107373,0.644916832447052
21,2,18,-0.2501443557044553,-0.25784110511074626,0.4728522598743438
21,2,19,-0.3655955967988193,-0.3655955967988193,0.6432419419288635
21,2,20,-0.28093135332961905,-0.28862810273591,0.4685035645961761
21,2,21,-0.3348085991736556,-0.39638259442398305,0.6338732838630676
21,2,22,-0.2193573580792916,-0.29632485214220095,0.4523018300533294
21,2,23,0.026938622922018266,-0.0038483747031454667,0.9946419596672058
21,2,24,-0.026938622922018266,0.0038483747031454667,0.9902876615524292
21,2,25,-0.09620936757863666,0.7119493200819113,0.6092135310173035
21,2,26,0.019241873515727332,0.7735233153322387,0.519995927810669
21,2,27,0.09620936757863666,1.4200502654606773,0.6163879036903381
21,2,28,0.11160286639121852,1.427747014866968,0.5077289938926697
21,2,29,0.23475085689187347,1.5893787523990777,0.6326330900192261
21,2,30,0.22705410748558252,1.5662885041802048,0.52241450548172
21,2,31,-0.14238986401638226,1.550895005367623,0.6554418802261353
21,2,32,-0.06542236995347293,1.5585917547739139,0.545358419418335
22,1,0,0.23746925561397594,-1.3926163125836555,0.9990348815917968
22,1,1,0.19722022923872579,-1.4489649495090058,0.9990574717521667
22,1,2,0.18917042396367575,-1.4409151442339558,0.9989758729934692
22,1,3,0.18917042396367575,-1.4409151442339558,0.9991914629936218
22,1,4,0.18112061868862572,-1.4489649495090058,0.9990075826644896
22,1,5,0.1730708134135757,-1.4409151442339558,0.998870849609375
22,1,6,0.16502100813852566,-1.4409151442339558,0.9990288019180298
22,1,7,0.14087159231337557,-1.4006661178587057,0.9985598921775818
22,1,8,0.09257276066307538,-1.4006661178587057,0.9987148642539978
22,1,9,0.2294194503389259,-1.3201680651082053,0.998197078704834
22,1,10,0.22136964506387588,-1.3201680651082053,0.997992217540741
22,1,11,0.05232373428782521,-0.998175854106204,0.998495638370514
22,1,12,0.06842334483792527,-0.998175854106204,0.997348129749298
22,1,13,0.14087159231337557,-0.4266396795776517,0.5327924489974976
22,1,14,0.06037353956287524,-0.4588389006778518,0.5467746257781982
22,1,15,0.18917042396367575,-0.1529463002259506,0.5864304900169373
22,1,16,0.41456497166507666,-0.12074707912575049,0.5197758078575134
22,1,17,0.3018676978143762,-0.032199221100200126,0.5889097452163696
22,1,18,0.42261477694012667,0.008049805275050032,0.5001198053359985
22,1,19,0.33406691891457635,-0.05634863692535023,0.5874776244163513
22,1,20,0.5272622455157772,-0.008049805275050032,0.4941979944705963
22,1,21,0.3179673083644763,-0.08854785802555036,0.5787726640701294
22,1,22,0.4548139980403268,-0.07244824747545028,0.4712782502174377
22,1,23,-0.03622412373772514,0.008049805275050032,0.994520902633667
22,1,24,0.03622412373772514,-0.008049805275050032,0.9904849529266356
22,1,25,0.020124513187625082,0.740582085304603,0.5683890581130981
22,1,26,0.19722022923872579,0.7727813064048031,0.5486000180244446
22,1,27,-0.020124513187625082,1.465064560059106,0.5918870568275452
22,1,28,0.012074707912575049,1.505313586434356,0.5346806645393372
22,1,29,-0.1247719817632755,1.6260606655601064,0.6088303327560425
22,1,30,-0.11672217648822547,1.6663096919353566,0.5381028652191162
22,1,31,0.15697120286347563,1.5777618339098063,0.637337327003479
22,1,32,0.21331983978882585,1.6663096919353566,0.5682244300842285
22,2,0,-0.15775990167576054,-1.3710086693250616,0.9990636110305786
22,2,1,-0.09766089151356604,-1.4160829269467077,0.9990575313568116
22,2,2,-0.07512376270274311,-1.4085705506764332,0.998989760875702
22,2,3,-0.06009901016219449,-1.4085705506764332,0.9991983771324158
22,2,4,-0.13522277286493758,-1.4160829269467077,0.999006688594818
22,2,5,-0.1427351491352119,-1.4160829269467077,0.9988571405410768
22,2,6,-0.15024752540548622,-1.4160829269467077,0.9989779591560364
22,2,7,-0.015024752540548622,-1.3634962930547874,0.9986568689346312
22,2,8,-0.10517326778384035,-1.3710086693250616,0.9986479878425598
22,2,9,-0.1277103965946633,-1.2958849066223186,0.998331904411316
22,2,10,-0.17278465421630915,-1.3033972828925928,0.9980552792549132
22,2,11,0.0,-1.0029022320816205,0.9986436367034912
22,2,12,-0.08263613897301741,-0.9953898558113462,0.9973586797714232
22,2,13,0.2629331694596009,-0.49957302197324166,0.5794540643692017
22,2,14,-0.06761138643246879,-0.49957302197324166,0.4948003590106964
22,2,15,-0.13522277286493758,-0.3117636152163839,0.6276462078094482
22,2,16,-0.1427351491352119,-0.26668935759473805,0.4787598848342895
22,2,17,-0.24790841691905224,-0.2291274762433665,0.6295807361602783
22,2,18,-0.217858911837955,-0.19156559489199493,0.4649804830551147
22,2,19,-0.2854702982704238,-0.2591769813244637,0.6282428503036499
22,2,20,-0.24790841691905224,-0.22161509997309217,0.460125058889389
22,2,21,-0.2629331694596009,-0.289226486405561,0.6200699806213379
22,2,22,-0.2028341592974064,-0.2516646050541894,0.4400371313095093
22,2,23,0.037561881351371555,0.0037561881351371555,0.9947324395179749
22,2,24,-0.037561881351371555,-0.0037561881351371555,0.9904581308364868
22,2,25,-0.037561881351371555,0.7174319338111966,0.6064115762710571
22,2,26,0.037561881351371555,0.7099195575409224,0.5226777791976929
22,2,27,0.1277103965946633,1.3259344117034157,0.6063379049301147
22,2,28,0.11268564405411466,1.3184220354331415,0.5127591490745544
22,2,29,0.2554207931893266,1.4611571845683535,0.6266790628433228
22,2,30,0.22537128810822932,1.4836943133791765,0.5376266837120056
22,2,31,-0.07512376270274311,1.4686695608386278,0.6414380669593811
22,2,32,-0.05258663389192018,1.476181937108902,0.5498937368392944
23,1,0,0.2685878812856228,-1.3774721340219798,0.9989729523658752
23,1,1,0.21487030502849822,-1.4311897102791042,0.9989199042320251
23,1,2,0.2071963655631947,-1.4235157708138007,0.9988415241241456
23,1,3,0.2071963655631947,-1.4235157708138007,0.999085247516632
23,1,4,0.1995224260978912,-1.4311897102791042,0.9988903403282166
23,1,5,0.18417454716728418,-1.4235157708138007,0.9987459182739258
23,1,6,0.16882666823667716,-1.4235157708138007,0.9988998174667358
23,1,7,0.16115272877137365,-1.3774721340219798,0.9983891844749452
23,1,8,0.09208727358364209,-1.3697981945566762,0.998567759990692
23,1,9,0.2609139418203193,-1.308406678834248,0.9981983304023744
23,1,10,0.23789212342440874,-1.3007327393689445,0.9980767965316772
23,1,11,0.046043636791821045,-0.9937751607568043,0.9983541369438172
23,1,12,0.09208727358364209,-1.0014491002221078,0.9975908994674684
23,1,13,0.007673939465303508,-0.48729515604677276,0.5239783525466919
23,1,14,0.038369697326517536,-0.4565993981855587,0.5421541929244995
23,1,15,0.11510909197955262,-0.15731575903872191,0.5687086582183838
23,1,16,0.25324000235501576,-0.07290242492038332,0.514513373374939
23,1,17,0.11510909197955262,-0.11127212224690086,0.5720905661582947
23,1,18,0.31463151807744383,0.08057636438568683,0.4953927099704742
23,1,19,0.11510909197955262,-0.1342939406428114,0.5708765983581543
23,1,20,0.35300121540396134,0.05755454598977631,0.4891614019870758
23,1,21,0.16115272877137365,-0.10359818278159735,0.5635545253753662
23,1,22,0.32997939700805085,0.003836969732651754,0.4641259908676147
23,1,23,-0.023021818395910523,0.003836969732651754,0.9940913915634156
23,1,24,0.023021818395910523,-0.003836969732651754,0.9905539155006408
23,1,25,0.13045697091015965,0.6331000058875395,0.5672506093978882
23,1,26,0.11510909197955262,0.702165461075271,0.5480592250823975
23,1,27,-0.007673939465303508,1.2546891025771236,0.5747480392456055
23,1,28,0.0,1.339102436695462,0.5361858606338501
23,1,29,-0.07673939465303507,1.3697981945566762,0.6000641584396362
23,1,30,-0.0997612130489456,1.4849072865362287,0.5520878434181213
23,1,31,0.15347878930607015,1.3467763761607656,0.6205329895019531
23,1,32,0.1918484866325877,1.4618854681403182,0.569433867931366
23,2,0,-0.11024623814890425,-1.364772396395056,0.999023735523224
23,2,1,-0.049420727446060526,-1.4179947182600443,0.9989519119262696
23,2,2,-0.034214349770349595,-1.410391529422189,0.998892605304718
23,2,3,-0.019007972094638663,-1.410391529422189,0.9991282224655152
23,2,4,-0.07983348279748238,-1.4179947182600443,0.998902142047882
23,2,5,-0.08743667163533786,-1.4179947182600443,0.9987521171569824
23,2,6,-0.09503986047319332,-1.4179947182600443,0.9988722205162048
23,2,7,0.05702391628391599,-1.364772396395056,0.9985188245773317
23,2,8,-0.049420727446060526,-1.364772396395056,0.998440444469452
23,2,9,-0.07983348279748238,-1.2887405080165015,0.9983426332473756
23,2,10,-0.11784942698675972,-1.2887405080165015,0.998137593269348
23,2,11,0.049420727446060526,-1.0150257098537045,0.9985177516937256
23,2,12,-0.011404783256783199,-0.9846129545022828,0.9973785281181335
23,2,13,0.3687546586359901,-0.5740407572580877,0.57154381275177
23,2,14,0.019007972094638663,-0.4751993023659666,0.4910663366317749
23,2,15,0.003801594418927733,-0.2623100149060136,0.6117406487464905
23,2,16,-0.07223029395962692,-0.20148450420316985,0.4728554785251617
23,2,17,-0.09503986047319332,-0.17867493768960344,0.614518940448761
23,2,18,-0.13305580466247066,-0.09503986047319332,0.4586126804351806
23,2,19,-0.15586537117603705,-0.2090876930410253,0.6133803725242615
23,2,20,-0.19388131536531436,-0.13305580466247066,0.4533053040504455
23,2,21,-0.11784942698675972,-0.22429407071673624,0.6065229177474976
23,2,22,-0.15586537117603705,-0.1634685600138925,0.4309237599372864
23,2,23,-0.02661116093249413,0.003801594418927733,0.9944710731506348
23,2,24,0.02661116093249413,-0.003801594418927733,0.9906221628189088
23,2,25,0.08743667163533786,0.6728822121502087,0.6056793332099915
23,2,26,0.08743667163533786,0.6880885898259196,0.5263108015060425
23,2,27,0.08743667163533786,1.3267564522057786,0.604095458984375
23,2,28,0.034214349770349595,1.3343596410436342,0.5287178158760071
23,2,29,0.22429407071673624,1.463613851287177,0.6240343451499939
23,2,30,0.19388131536531436,1.494026606638599,0.5533559322357178
23,2,31,-0.041817538608205064,1.5016297954764544,0.642737627029419
23,2,32,-0.003801594418927733,1.478820228962888,0.5673598051071167
24,1,0,0.2684205879148969,-1.385523917031306,0.9989238381385804
24,1,1,0.20526280252315646,-1.440786979249079,0.998820185661316
24,1,2,0.20526280252315646,-1.440786979249079,0.998727321624756
24,1,3,0.1973680793491889,-1.4328922560751114,0.9990137815475464
24,1,4,0.1973680793491889,-1.440786979249079,0.998807430267334
24,1,5,0.18947335617522135,-1.440786979249079,0.9986492395401
24,1,6,0.17368390982728624,-1.4328922560751114,0.9988186955451964
24,1,7,0.1263155707834809,-1.385523917031306,0.9982229471206664
24,1,8,0.08684195491364312,-1.3776291938573386,0.998393177986145
24,1,9,0.26052586474092937,-1.314471408465598,0.9982143640518188
24,1,10,0.24473641839299423,-1.3065766852916305,0.9981606006622314
24,1,11,0.04736833904380534,-0.9907877583329283,0.9981749653816224
24,1,12,0.05526306221777289,-1.0065772046808634,0.9976126551628112
24,1,13,0.015789446347935113,-0.5013149215469398,0.5166789889335632
24,1,14,0.03157889269587023,-0.4460518593291669,0.5377792119979858
24,1,15,0.10263140126157823,-0.16973654824030246,0.5540521740913391
24,1,16,0.2526311415669618,-0.06710514697872423,0.5066034197807312
24,1,17,0.09473667808761067,-0.08289459332665934,0.558007001876831
24,1,18,0.33157837330663736,0.051315700630789114,0.4869472682476043
24,1,19,0.14210501713141602,-0.106578762848562,0.5570098161697388
24,1,20,0.3473678196545725,0.06710514697872423,0.4799157083034515
24,1,21,0.14210501713141602,-0.12236820919649712,0.5508098006248474
24,1,22,0.3236836501326698,0.01973680793491889,0.4519588053226471
24,1,23,-0.03947361586983778,0.003947361586983778,0.9937022924423218
24,1,24,0.03947361586983778,-0.003947361586983778,0.9906805753707886
24,1,25,0.08684195491364312,0.674998831374226,0.5643734335899353
24,1,26,0.1263155707834809,0.7302618935919989,0.546430230140686
24,1,27,-0.007894723173967557,1.314471408465598,0.5715007185935974
24,1,28,0.0,1.4171028097271763,0.5463387370109558
24,1,29,-0.07105250856570801,1.4013133633792412,0.5971699357032776
24,1,30,-0.11052612443554578,1.5592078268585923,0.5629186630249023
24,1,31,0.14999974030538357,1.4013133633792412,0.6211760640144348
24,1,32,0.18947335617522135,1.5434183805106572,0.5820915699005127
24,2,0,-0.12210538999873971,-1.3736856374858217,0.9989845156669616
24,2,1,-0.06868428187429108,-1.4271067456102704,0.998859405517578
24,2,2,-0.05342110812444862,-1.4271067456102704,0.9987882375717164
24,2,3,-0.030526347499684928,-1.4194751587353491,0.999060332775116
24,2,4,-0.09921062937397601,-1.4271067456102704,0.9988356232643129
24,2,5,-0.10684221624889724,-1.4271067456102704,0.9986783266067504
24,2,6,-0.11447380312381847,-1.4271067456102704,0.9988122582435608
24,2,7,0.022894760624763696,-1.3736856374858217,0.9983686804771424
24,2,8,-0.06868428187429108,-1.3736856374858217,0.9983315467834472
24,2,9,-0.09921062937397601,-1.2973697687366095,0.9983565807342528
24,2,10,-0.13736856374858217,-1.2973697687366095,0.998220145702362
24,2,11,0.0,-1.0073694674896025,0.998356282711029
24,2,12,-0.04578952124952739,-0.9921062937397601,0.9974937438964844
24,2,13,0.35868458312129786,-0.5952637762438561,0.5649644732475281
24,2,14,0.0,-0.48842155999495884,0.4868811964988708
24,2,15,-0.015263173749842464,-0.2671055406222431,0.5985209941864014
24,2,16,-0.06868428187429108,-0.19078967187303078,0.465318888425827
24,2,17,-0.09921062937397601,-0.18315808499810957,0.6017617583274841
24,2,18,-0.12973697687366093,-0.09921062937397601,0.4506266415119171
24,2,19,-0.16026332437334587,-0.21368443249779448,0.6008076667785645
24,2,20,-0.18315808499810957,-0.12210538999873971,0.4446231424808502
24,2,21,-0.13736856374858217,-0.23657919312255818,0.594913899898529
24,2,22,-0.12973697687366093,-0.1450001506235034,0.4198503494262695
24,2,23,0.04578952124952739,0.0,0.9941257238388062
24,2,24,-0.04578952124952739,0.0,0.9907780885696412
24,2,25,0.022894760624763696,0.625790123743541,0.6033406853675842
24,2,26,0.061052694999369855,0.6715796449930684,0.5294786691665649
24,2,27,0.09921062937397601,1.3126329424864518,0.6000609993934631
24,2,28,0.08394745562413355,1.3355277031112156,0.5386960506439209
24,2,29,0.22894760624763694,1.4576330931099553,0.6202139854431152
24,2,30,0.20605284562287327,1.4881594406096401,0.5644790530204773
24,2,31,-0.06868428187429108,1.4652646799848765,0.6417739391326904
24,2,32,-0.030526347499684928,1.4728962668597978,0.5781283378601074
25,1,0,0.20527222283450505,-1.3826827085267603,0.9990297555923462
25,1,1,0.15104937151973014,-1.4369055598415352,0.998898983001709
25,1,2,0.1433032499033337,-1.4369055598415352,0.9988109469413756
25,1,3,0.1433032499033337,-1.429159438225139,0.999077081680298
25,1,4,0.12781100667054088,-1.4369055598415352,0.9988953471183776
25,1,5,0.12006488505414446,-1.429159438225139,0.9987459182739258
25,1,6,0.10457264182135162,-1.429159438225139,0.9988850951194764
25,1,7,0.08908039858855879,-1.3826827085267603,0.9983860850334167
25,1,8,0.02711142565738746,-1.3671904652939675,0.9984487295150756
25,1,9,0.20527222283450505,-1.3052214923627963,0.9984208941459656
25,1,10,0.1820338579853158,-1.3052214923627963,0.9983513951301576
25,1,11,0.058095912122973124,-0.9953766277069396,0.9982897043228148
25,1,12,0.01936530404099104,-1.003122749323336,0.9977324604988098
25,1,13,-0.0038730608081982082,-0.538355452339551,0.512520432472229
25,1,14,-0.15879549313612654,-0.484132601024776,0.5364506840705872
25,1,15,0.11231876343774803,-0.22076446606729788,0.5462409853935242
25,1,16,0.011619182424594626,-0.058095912122973124,0.5100786089897156
25,1,17,0.12781100667054088,-0.1433032499033337,0.5509944558143616
25,1,18,0.05034979050657671,0.0968265202049552,0.4902783930301666
25,1,19,0.15104937151973014,-0.17428773636891937,0.550320029258728
25,1,20,0.15104937151973014,0.06584203373936955,0.4831937849521637
25,1,21,0.13555712828693728,-0.21301834445090145,0.5448401570320129
25,1,22,0.12006488505414446,0.011619182424594626,0.4559118151664734
25,1,23,0.01936530404099104,0.011619182424594626,0.993946611881256
25,1,24,-0.01936530404099104,-0.011619182424594626,0.9911851286888124
25,1,25,0.08908039858855879,0.6235627901199116,0.5695875883102417
25,1,26,0.12006488505414446,0.6777856414346864,0.5580851435661316
25,1,27,-0.01936530404099104,1.3052214923627963,0.5691972970962524
25,1,28,-0.0038730608081982082,1.3516982220611746,0.5558815598487854
25,1,29,-0.08908039858855879,1.4059210733759495,0.5959575772285461
25,1,30,-0.11231876343774803,1.4911284111563101,0.5713964700698853
25,1,31,0.12006488505414446,1.4059210733759495,0.6200586557388306
25,1,32,0.16654161475252297,1.506620654389103,0.5927041172981262
25,2,0,-0.17043498333300808,-1.3634798666640646,0.999049186706543
25,2,1,-0.11741076629607224,-1.4165040837010006,0.9988942742347716
25,2,2,-0.10226098999980486,-1.4165040837010006,0.9988325834274292
25,2,3,-0.08711121370353747,-1.4165040837010006,0.9990984797477722
25,2,4,-0.1552852070367407,-1.4165040837010006,0.9988547563552856
25,2,5,-0.1628600951848744,-1.4165040837010006,0.9986860752105712
25,2,6,-0.17043498333300808,-1.4089291955528669,0.9987916946411132
25,2,7,-0.011362332222200539,-1.3634798666640646,0.9985027313232422
25,2,8,-0.11741076629607224,-1.355904978515931,0.9981378316879272
25,2,9,-0.13256054259233963,-1.2877309851827279,0.9985241293907166
25,2,10,-0.17043498333300808,-1.2877309851827279,0.9982919096946716
25,2,11,0.04166188481473531,-1.0150350118499147,0.998458981513977
25,2,12,-0.07196143740727008,-0.98473545925738,0.9973679780960084
25,2,13,0.3825318514807515,-0.6514403807394976,0.5612038373947144
25,2,14,-0.07953632555540377,-0.49236772962869,0.4869589507579803
25,2,15,0.049236772962869005,-0.26512108518467925,0.5913795828819275
25,2,16,-0.1552852070367407,-0.15907265111080754,0.4722632765769958
25,2,17,-0.034086996666601616,-0.17422242740707494,0.5950620174407959
25,2,18,-0.21588431222181026,-0.05302421703693585,0.4584179520606994
25,2,19,-0.10226098999980486,-0.20452197999960972,0.5943623185157776
25,2,20,-0.23860897666621134,-0.08332376962947062,0.4526049792766571
25,2,21,-0.08711121370353747,-0.23482153259214447,0.5888988375663757
25,2,22,-0.20830942407367656,-0.12119821037013909,0.4280077517032623
25,2,23,0.026512108518467924,0.0,0.9942469596862792
25,2,24,-0.026512108518467924,0.0,0.9909751415252686
25,2,25,0.07196143740727008,0.7347641503689682,0.6050078272819519
25,2,26,0.011362332222200539,0.6968897096282998,0.5445641875267029
25,2,27,0.0643865492591364,1.4619534125898028,0.5999748110771179
25,2,28,0.011362332222200539,1.3710547548121985,0.5496255159378052
25,2,29,0.18558475962927548,1.5755767348118082,0.617043673992157
25,2,30,0.13256054259233963,1.530127405923006,0.5678158402442932
25,2,31,-0.0643865492591364,1.6134511755524765,0.6428110003471375
25,2,32,-0.04166188481473531,1.5680018466636745,0.5900515913963318
26,1,0,0.17755853930292884,-1.3818686319662723,0.9990594387054444
26,1,1,0.11579904737147534,-1.4359081874062942,0.9988886713981628
26,1,2,0.11579904737147534,-1.4359081874062942,0.9987993836402892
26,1,3,0.10807911088004364,-1.4359081874062942,0.9990577101707458
26,1,4,0.10035917438861196,-1.4359081874062942,0.99889075756073
26,1,5,0.09263923789718026,-1.4281882509148625,0.9987303614616394
26,1,6,0.07719936491431689,-1.4281882509148625,0.998848021030426
26,1,7,0.038599682457158446,-1.3818686319662723,0.9984022378921508
26,1,8,0.0,-1.3741486954748405,0.9982691407203674
26,1,9,0.16983860281149715,-1.312389203543387,0.9985636472702026
26,1,10,0.15439872982863379,-1.312389203543387,0.9984205961227416
26,1,11,0.04631961894859013,-0.9881518709032562,0.9982793927192688
26,1,12,-0.09263923789718026,-1.0113116803775513,0.9976242184638976
26,1,13,0.0,-0.5403955544002182,0.5086430907249451
26,1,14,-0.30107752316583586,-0.5095158084344915,0.5375348925590515
26,1,15,0.1389588568457704,-0.1312389203543387,0.5386622548103333
26,1,16,-0.12351898386290702,-0.0694794284228852,0.5193087458610535
26,1,17,0.16983860281149715,-0.015439872982863378,0.5431265830993652
26,1,18,-0.16211866632006547,0.07719936491431689,0.5006535053253174
26,1,19,0.18527847579436052,-0.023159809474295065,0.5428356528282166
26,1,20,-0.030879745965726756,0.0694794284228852,0.4940145611763
26,1,21,0.16211866632006547,-0.06175949193145351,0.5380017161369324
26,1,22,-0.030879745965726756,0.015439872982863378,0.4676151275634765
26,1,23,0.04631961894859013,0.0,0.9939696788787842
26,1,24,-0.04631961894859013,0.0,0.9915088415145874
26,1,25,0.23931803123438236,0.7025142207202837,0.5826486945152283
26,1,26,0.007719936491431689,0.7256740301945788,0.5748974084854126
26,1,27,-0.015439872982863378,1.3509888860005455,0.5803889036178589
26,1,28,-0.07719936491431689,1.4204683144234307,0.5778470039367676
26,1,29,-0.08491930140574858,1.4513480603891575,0.6025876402854919
26,1,30,-0.16983860281149715,1.567147107760633,0.5828255414962769
26,1,31,0.15439872982863379,1.489947742846316,0.6370425224304199
26,1,32,0.14667879333720207,1.5980268537263596,0.6146295070648193
26,2,0,-0.23008385892854988,-1.3691875539518623,0.9991156458854676
26,2,1,-0.18482146045080236,-1.4219936855092346,0.9989507794380188
26,2,2,-0.16219026121192862,-1.4219936855092346,0.9988813996315002
26,2,3,-0.14710279505267942,-1.4219936855092346,0.9991222620010376
26,2,4,-0.23008385892854988,-1.4219936855092346,0.998940110206604
26,2,5,-0.23762759200817446,-1.4219936855092346,0.9987838864326476
26,2,6,-0.24517132508779904,-1.41444995242961,0.9988743662834167
26,2,7,-0.07920919733605815,-1.376731287031487,0.9985491037368774
26,2,8,-0.18482146045080236,-1.361643820872238,0.9982855916023254
26,2,9,-0.19236519353042694,-1.301293956235241,0.9986857175827026
26,2,10,-0.23762759200817446,-1.301293956235241,0.9984915256500244
26,2,11,0.08675293041568274,-1.029719565368756,0.9984502792358398
26,2,12,-0.14710279505267942,-0.9693697007317593,0.9973915219306946
26,2,13,0.3809585205210416,-0.7279702421837726,0.55770343542099
26,2,14,-0.13201532889343026,-0.5167457159542842,0.4869714081287384
26,2,15,0.13955906197305484,-0.30552118972479575,0.5842397809028625
26,2,16,-0.2225401258489253,-0.13955906197305484,0.4769386649131775
26,2,17,0.07166546425643357,-0.07166546425643357,0.5870857834815979
26,2,18,-0.24517132508779904,-0.04149053193793523,0.4645093381404876
26,2,19,-0.01131559961943688,-0.06412173117680899,0.5866826772689819
26,2,20,-0.2602587912470482,-0.026403065778686053,0.4591918885707855
26,2,21,-0.018859332699061464,-0.14710279505267942,0.5812811851501465
26,2,22,-0.23008385892854988,-0.07920919733605815,0.4351666867733001
26,2,23,0.07920919733605815,-0.003771866539812293,0.9942753911018372
26,2,24,-0.07920919733605815,0.003771866539812293,0.991165578365326
26,2,25,0.12447159581380567,0.7581451745022709,0.6174185276031494
26,2,26,0.018859332699061464,0.7581451745022709,0.569513738155365
26,2,27,0.07166546425643357,1.5200622155443542,0.6119893789291382
26,2,28,0.0565779980971844,1.4747998170666066,0.575575053691864
26,2,29,0.12447159581380567,1.686024343296095,0.6269279718399048
26,2,30,0.03394679885831064,1.6407619448183475,0.5838714241981506
26,2,31,-0.08675293041568274,1.723743008694218,0.6598501801490784
26,2,32,-0.10184039657493191,1.6784806102164704,0.6127451062202454
27,1,0,0.11385547705268413,-1.3662657246322094,0.9991133213043212
27,1,1,0.053132555957919256,-1.4193982805901288,0.9989354014396667
27,1,2,0.04554219082107365,-1.4193982805901288,0.9988543391227722
27,1,3,0.037951825684228044,-1.4118079154532832,0.9990890026092528
27,1,4,0.04554219082107365,-1.4118079154532832,0.9989576935768129
27,1,5,0.030361460547382434,-1.4118079154532832,0.9988131523132324
27,1,6,0.015180730273691217,-1.4118079154532832,0.998911201953888
27,1,7,-0.037951825684228044,-1.3662657246322094,0.9985109567642212
27,1,8,-0.053132555957919256,-1.358675359495364,0.9983986020088196
27,1,9,0.0986747467789929,-1.2903620732637535,0.998690903186798
27,1,10,0.0910843816421473,-1.2903620732637535,0.9985879063606262
27,1,11,-0.053132555957919256,-0.9867474677899291,0.9983617067337036
27,1,12,-0.15939766787375778,-1.0019281980636203,0.99764746427536
27,1,13,-0.15939766787375778,-0.6072292109476487,0.5059664249420166
27,1,14,-0.4326508128001997,-0.5768677504002663,0.5377024412155151
27,1,15,-0.037951825684228044,-0.1669880330106034,0.530196487903595
27,1,16,-0.3339760660212068,-0.11385547705268413,0.5260781049728394
27,1,17,0.015180730273691217,-0.06072292109476487,0.5340045094490051
27,1,18,-0.2808435100632875,0.022771095410536825,0.5114709138870239
27,1,19,0.0,-0.053132555957919256,0.5337841510772705
27,1,20,-0.174578398147449,0.022771095410536825,0.5058023929595947
27,1,21,-0.022771095410536825,-0.0910843816421473,0.529198169708252
27,1,22,-0.1669880330106034,-0.030361460547382434,0.4812157750129699
27,1,23,0.07590365136845609,-0.007590365136845609,0.993968665599823
27,1,24,-0.07590365136845609,0.007590365136845609,0.9917309880256652
27,1,25,0.20493985869483142,0.698313592589796,0.5903094410896301
27,1,26,-0.0834940165053017,0.7666268788214065,0.5976430177688599
27,1,27,-0.06831328623161048,1.396627185179592,0.5794413685798645
27,1,28,-0.15939766787375778,1.4953019319585847,0.598341166973114
27,1,29,-0.0910843816421473,1.472530836548048,0.598759114742279
27,1,30,-0.2808435100632875,1.6395188695586513,0.593753457069397
27,1,31,0.11385547705268413,1.5408441227796585,0.638498842716217
27,1,32,0.0834940165053017,1.6850610603797251,0.6319143772125244
27,2,0,-0.22430865900170627,-1.3572574790442227,0.9991672039031982
27,2,1,-0.178686558865766,-1.418086945892143,0.9989973306655884
27,2,2,-0.15587550879779588,-1.418086945892143,0.9989340901374816
27,2,3,-0.13306445872982575,-1.410483262536153,0.9991535544395448
27,2,4,-0.21670497564571622,-1.410483262536153,0.9990079998970032
27,2,5,-0.2319123423576963,-1.410483262536153,0.9988612532615662
27,2,6,-0.23951602571368635,-1.402879579180163,0.9989328384399414
27,2,7,-0.04942394181393528,-1.3648611624002127,0.9986475706100464
27,2,8,-0.178686558865766,-1.3572574790442227,0.9983917474746704
27,2,9,-0.17108287550977597,-1.2888243288403123,0.9987958073616028
27,2,10,-0.22430865900170627,-1.2888243288403123,0.9986181259155272
27,2,11,0.11785709201784567,-1.0379027780926409,0.9985241293907166
27,2,12,-0.14827182544180584,-0.9618659445327404,0.9969695210456848
27,2,13,0.4448154763254175,-0.8249996441249197,0.5552926063537598
27,2,14,-0.16347919215378592,-0.5588707266652682,0.4855483770370483
27,2,15,0.1406681420858158,-0.4220044262574474,0.5763115286827087
27,2,16,-0.20910129228972618,-0.178686558865766,0.4768796563148498
27,2,17,0.11785709201784567,-0.27753444249363657,0.5778447389602661
27,2,18,-0.1938939255777461,-0.0038018416779950215,0.4656903743743896
27,2,19,0.11785709201784567,-0.3003454925616067,0.5774416923522949
27,2,20,-0.18629024222175605,-0.0038018416779950215,0.4608508348464966
27,2,21,0.10264972530586558,-0.34596759269754696,0.5718199014663696
27,2,22,-0.17108287550977597,-0.041820258457945236,0.4389562904834747
27,2,23,0.09504604194987554,-0.011405525033985064,0.9944055080413818
27,2,24,-0.09504604194987554,0.011405525033985064,0.9915441274642944
27,2,25,0.07223499188190541,0.8021885940569495,0.6247257590293884
27,2,26,-0.0038018416779950215,0.8173959607689296,0.5921724438667297
27,2,27,0.11025340866185562,1.608179029791894,0.6127440333366394
27,2,28,0.04942394181393528,1.577764296367934,0.5966246128082275
27,2,29,0.14827182544180584,1.7450453301997149,0.6247656345367432
27,2,30,0.04942394181393528,1.7222342801317447,0.5930293202400208
27,2,31,-0.10264972530586558,1.8362895304715954,0.6621338725090027
27,2,32,-0.13306445872982575,1.7906674303356551,0.6291429996490479
28,1,0,0.05830752356956675,-1.3488473785759774,0.9992190599441528
28,1,1,0.01943584118985558,-1.403267733907573,0.9990499019622804
28,1,2,0.01943584118985558,-1.403267733907573,0.9989880919456482
28,1,3,0.01943584118985558,-1.3954933974316308,0.9991779923439026
28,1,4,-0.0038871682379711166,-1.403267733907573,0.9990758895874025
28,1,5,-0.01943584118985558,-1.3954933974316308,0.9989446997642516
28,1,6,-0.04275885061768228,-1.3954933974316308,0.999012291431427
28,1,7,-0.04275885061768228,-1.3566217150519198,0.99868506193161
28,1,8,-0.10495354242522015,-1.3488473785759774,0.9985321164131165
28,1,9,0.05053318709362451,-1.2788783502924974,0.9988149404525756
28,1,10,0.027210177665797815,-1.271104013816555,0.9987232685089112
28,1,11,-0.027210177665797815,-0.9912279006826347,0.99846214056015
28,1,12,-0.2371172625162381,-0.9912279006826347,0.9972708821296692
28,1,13,-0.10495354242522015,-0.6802544416449454,0.5089572072029114
28,1,14,-0.5636393945058119,-0.6413827592652342,0.5366942882537842
28,1,15,-0.027210177665797815,-0.2759889448959493,0.5280256867408752
28,1,16,-0.36928098260725606,-0.15159956128087354,0.5268428921699524
28,1,17,0.027210177665797815,-0.16714823423275801,0.5308620929718018
28,1,18,-0.31486062727566044,0.0038871682379711166,0.5140067934989929
28,1,19,0.06608186004550898,-0.16714823423275801,0.5307250618934631
28,1,20,-0.24489159899218033,-0.01166150471391335,0.5092672109603882
28,1,21,0.04275885061768228,-0.1904712436605847,0.5260850191116333
28,1,22,-0.24489159899218033,-0.05053318709362451,0.4882942736148834
28,1,23,0.11272787890116238,-0.01943584118985558,0.994225263595581
28,1,24,-0.11272787890116238,0.01943584118985558,0.992331087589264
28,1,25,0.1904712436605847,0.6413827592652342,0.604633629322052
28,1,26,-0.11272787890116238,0.8435155076397323,0.6285011768341064
28,1,27,0.08163053299739345,1.0689712654420571,0.59559166431427
28,1,28,-0.22934292604029588,1.6131748187580133,0.6297162771224976
28,1,29,-0.01166150471391335,1.2166836584849594,0.6138284206390381
28,1,30,-0.31486062727566044,1.7842102212287425,0.614985466003418
28,1,31,0.25266593546812255,1.2633296773406129,0.6529816389083862
28,1,32,0.06608186004550898,1.8464049130362803,0.6554944515228271
28,2,0,-0.23514770445081468,-1.3403419153696436,0.9992597103118896
28,2,1,-0.18811816356065175,-1.403047969889861,0.9990933537483216
28,2,2,-0.15676513630054312,-1.403047969889861,0.9990463852882384
28,2,3,-0.13325036585546166,-1.403047969889861,0.9992281198501588
28,2,4,-0.2194711908207604,-1.3952097130748338,0.9991105794906616
28,2,5,-0.22730944763578753,-1.3952097130748338,0.9989742636680604
28,2,6,-0.23514770445081468,-1.3952097130748338,0.9990280866622924
28,2,7,-0.02351477044508147,-1.3716949426297524,0.99880051612854
28,2,8,-0.1646033931155703,-1.3638566858147252,0.9985249042510986
28,2,9,-0.17244164993059743,-1.2776358608494265,0.9989036321640016
28,2,10,-0.22730944763578753,-1.2697976040343992,0.9987433552742004
28,2,11,0.17244164993059743,-1.0346498995835847,0.9986138939857484
28,2,12,-0.10189733859535303,-0.9641055882483403,0.9968934655189514
28,2,13,0.5173249497917923,-0.8935612769130958,0.5579829812049866
28,2,14,-0.1959564203756789,-0.6113840315721182,0.4853928387165069
28,2,15,0.18811816356065175,-0.4389423816415208,0.5742647647857666
28,2,16,-0.1959564203756789,-0.18811816356065175,0.4786491394042969
28,2,17,0.15676513630054312,-0.2821772453409776,0.5745696425437927
28,2,18,-0.18027990674562458,-0.0705443113352444,0.468835711479187
28,2,19,0.14892687948551597,-0.31353027260108624,0.574161171913147
28,2,20,-0.18811816356065175,-0.0548677977051901,0.4648198187351227
28,2,21,0.14892687948551597,-0.352721556676222,0.5684716105461121
28,2,22,-0.17244164993059743,-0.08622082496529872,0.4463357925415039
28,2,23,0.10189733859535303,-0.015676513630054314,0.9946137070655824
28,2,24,-0.10189733859535303,0.015676513630054314,0.9919893741607666
28,2,25,0.06270605452021726,0.8386934792079057,0.6357498168945312
28,2,26,0.0,0.85436999283796,0.6173850297927856
28,2,27,0.17244164993059743,1.6617104447857571,0.6228195428848267
28,2,28,0.007838256815027157,1.6460339311557028,0.61488276720047
28,2,29,0.2194711908207604,1.8184755810863003,0.6335725784301758
28,2,30,0.1097355954103802,1.810637324271273,0.6045594811439514
28,2,31,-0.13325036585546166,1.9203729196816532,0.6698241829872131
28,2,32,-0.13325036585546166,1.8890198924215447,0.6403766870498657
29,1,0,0.04366557963180738,-1.325845781547606,0.9992979168891908
29,1,1,0.011908794445038376,-1.389359351921144,0.9991292357444764
29,1,2,0.011908794445038376,-1.389359351921144,0.9990833401679992
29,1,3,0.011908794445038376,-1.389359351921144,0.9992409944534302
29,1,4,-0.019847990741730628,-1.3814201556244516,0.9991615414619446
29,1,5,-0.03572638333511513,-1.3814201556244516,0.9990412592887878
29,1,6,-0.05160477592849963,-1.3814201556244516,0.9990931153297424
29,1,7,-0.03572638333511513,-1.3496633704376828,0.9988266825675964
29,1,8,-0.11511834630203764,-1.3496633704376828,0.9986481070518494
29,1,9,0.04366557963180738,-1.262332211174068,0.9989067316055298
29,1,10,0.019847990741730628,-1.262332211174068,0.998831033706665
29,1,11,-0.02778718703842288,-0.9844603407898391,0.998419225215912
29,1,12,-0.21832789815903691,-1.0003387333832237,0.9972003102302552
29,1,13,-0.12305754259872989,-0.6351357037353801,0.512876033782959
29,1,14,-0.5835309278068804,-0.6430749000320723,0.5365750193595886
29,1,15,-0.03572638333511513,-0.2699326740875365,0.5270369648933411
29,1,16,-0.3532942352028052,-0.15878392593384502,0.5288463234901428
29,1,17,-0.02778718703842288,-0.15084472963715279,0.5284826755523682
29,1,18,-0.3135982537193439,-0.015878392593384503,0.5175487995147705
29,1,19,0.03572638333511513,-0.15878392593384502,0.5282866358757019
29,1,20,-0.2500846833458059,-0.023817588890076753,0.5136322975158691
29,1,21,0.011908794445038376,-0.21435830001069078,0.5233445763587952
29,1,22,-0.2500846833458059,-0.06351357037353801,0.4961576461791992
29,1,23,0.09923995370865314,-0.007939196296692251,0.9939333200454712
29,1,24,-0.09923995370865314,0.007939196296692251,0.992630898952484
29,1,25,0.16275352408219115,0.7065884704056103,0.6157705783843994
29,1,26,-0.10717915000534539,0.8574332000427631,0.6470692157745361
29,1,27,0.019847990741730628,1.2782106037674525,0.5971980094909668
29,1,28,-0.22626709445572915,1.6831096148987572,0.6419051289558411
29,1,29,-0.02778718703842288,1.3496633704376828,0.6138097047805786
29,1,30,-0.2897806648292672,1.8577719334259868,0.6234651207923889
29,1,31,0.1706927203788834,1.3814201556244516,0.6522966623306274
29,1,32,0.09130075741196089,1.9133463075028325,0.661727786064148
29,2,0,-0.2368255920990562,-1.3326457046929943,0.9993427991867064
29,2,1,-0.18062968888911068,-1.4048975802486385,0.9991779327392578
29,2,2,-0.16457371654341194,-1.4048975802486385,0.999140441417694
29,2,3,-0.14048975802486385,-1.4048975802486385,0.99929279088974
29,2,4,-0.2207696197533575,-1.3968695940757891,0.999205768108368
29,2,5,-0.22879760592620685,-1.3968695940757891,0.9990856051445008
29,2,6,-0.2368255920990562,-1.3888416079029398,0.9991350769996644
29,2,7,-0.03612593777782214,-1.3647576493843918,0.998928725719452
29,2,8,-0.1726017027162613,-1.3567296632115424,0.9986807703971864
29,2,9,-0.1726017027162613,-1.2684218153101994,0.9989928007125854
29,2,10,-0.22879760592620685,-1.26039382913735,0.9988743662834167
29,2,11,0.1726017027162613,-1.0356102162975678,0.9985755085945128
29,2,12,-0.1083778133334664,-0.9633583407419236,0.9971351623535156
29,2,13,0.5097771219759346,-0.8750504928405806,0.5614980459213257
29,2,14,-0.20471364740765877,-0.5860429906180035,0.4868845343589782
29,2,15,0.1966856612348094,-0.40139930864246814,0.5732945799827576
29,2,16,-0.21274163358050813,-0.16858770962983663,0.4837439060211181
29,2,17,0.15654573037056257,-0.24886757135833026,0.5722000002861023
29,2,18,-0.2207696197533575,-0.0642238893827949,0.4753821194171905
29,2,19,0.2207696197533575,-0.2729515298768784,0.5716876983642578
29,2,20,-0.22879760592620685,-0.0642238893827949,0.4720370769500732
29,2,21,0.18865767506196005,-0.32914743308682387,0.5657869577407837
29,2,22,-0.21274163358050813,-0.088307847901343,0.4568020701408386
29,2,23,0.1083778133334664,-0.008027986172849362,0.9944103360176086
29,2,24,-0.1083778133334664,0.008027986172849362,0.9927554726600648
29,2,25,0.10034982716061704,0.8589945204948819,0.6487180590629578
29,2,26,-0.03612593777782214,0.8911064651862793,0.6410290598869324
29,2,27,0.1726017027162613,1.7501009856811611,0.6276788711547852
29,2,28,0.028097951604972773,1.7420729995083117,0.6320073008537292
29,2,29,0.21274163358050813,1.878548764446751,0.6356810331344604
29,2,30,0.10034982716061704,1.902632722965299,0.6145650148391724
29,2,31,-0.11640579950631577,2.0150245293851903,0.6735565662384033
29,2,32,-0.1324617718520145,2.0150245293851903,0.6515083312988281
30,1,0,-0.035479019432672614,-1.296955265927699,0.9993574023246764
30,1,1,-0.05124747251386045,-1.3600290782524502,0.9991691708564758
30,1,2,-0.04336324597326653,-1.3600290782524502,0.999129056930542
30,1,3,-0.035479019432672614,-1.3600290782524502,0.9992622137069702
30,1,4,-0.09855283175742394,-1.3600290782524502,0.9992182850837708
30,1,5,-0.11432128483861176,-1.3600290782524502,0.9991139769554138
30,1,6,-0.14585819100098743,-1.3600290782524502,0.9991626739501952
30,1,7,-0.06701592559504828,-1.3284921720900746,0.998845875263214
30,1,8,-0.20104777678514482,-1.3206079455494808,0.9987680912017822
30,1,9,-0.027594792892078703,-1.2338814536029477,0.9988770484924316
30,1,10,-0.07490015213564219,-1.2338814536029477,0.9989032745361328
30,1,11,-0.06701592559504828,-0.9658177512227546,0.998477339744568
30,1,12,-0.27200581565049003,-1.005238883925724,0.9974138736724854
30,1,13,-0.05913169905445436,-0.5794906507336527,0.5151839852333069
30,1,14,-0.6504486895989979,-0.6504486895989979,0.5378084778785706
30,1,15,0.019710566351484788,-0.15374241754158133,0.5271314978599548
30,1,16,-0.374500760678211,-0.16951087062276918,0.5318357944488525
30,1,17,0.035479019432672614,-0.027594792892078703,0.5279114842414856
30,1,18,-0.31142694835345963,-0.05913169905445436,0.520542562007904
30,1,19,0.05913169905445436,-0.011826339810890872,0.5275770425796509
30,1,20,-0.26412158910989614,-0.05913169905445436,0.517143964767456
30,1,21,0.09066860521683003,-0.0827843786762361,0.522998571395874
30,1,22,-0.27200581565049003,-0.09855283175742394,0.5024505257606506
30,1,23,0.0827843786762361,-0.003942113270296957,0.994163453578949
30,1,24,-0.0827843786762361,0.003942113270296957,0.9932069182395936
30,1,25,0.05913169905445436,0.8554385796544397,0.6070305109024048
30,1,26,-0.05124747251386045,0.8790912592762214,0.6622809171676636
30,1,27,-0.05124747251386045,1.651745460254425,0.5877307057380676
30,1,28,-0.22470045640692657,1.6911665929573947,0.6478592753410339
30,1,29,-0.17739509716336307,1.6990508194979885,0.6078489422798157
30,1,30,-0.2956584952722718,1.848851123769273,0.6272491216659546
30,1,31,0.13008973791979958,1.9276933891752122,0.6390271782875061
30,1,32,0.06701592559504828,1.9434618422564,0.6584855318069458
30,2,0,-0.283928980478396,-1.34969138546252,0.999403178691864
30,2,1,-0.23455002735171843,-1.4319896406736494,0.9992275834083556
30,2,2,-0.20163072526726672,-1.4319896406736494,0.9991939067840576
30,2,3,-0.17694124870392794,-1.4319896406736494,0.9993200898170472
30,2,4,-0.2756991549572831,-1.4237598151525364,0.9992715716362
30,2,5,-0.283928980478396,-1.4237598151525364,0.9991705417633056
30,2,6,-0.283928980478396,-1.4155299896314235,0.9992167949676514
30,2,7,-0.0452640403661211,-1.3908405130680848,0.9989490509033204
30,2,8,-0.20986055078837965,-1.3908405130680848,0.9988297820091248
30,2,9,-0.21809037630949257,-1.2838527812936167,0.998971462249756
30,2,10,-0.26746932943617013,-1.2756229557725038,0.9989600777626038
30,2,11,0.14402194661947623,-1.036958015660229,0.9986279606819152
30,2,12,-0.11933247005613745,-0.9628895859702125,0.9973906874656676
30,2,13,0.5225939205906709,-0.897050981801309,0.5635624527931213
30,2,14,-0.23455002735171843,-0.5513983099145662,0.49013552069664
30,2,15,0.21809037630949257,-0.41149127605564634,0.5733199715614319
30,2,16,-0.23455002735171843,-0.1810561614644844,0.4899256825447082
30,2,17,0.18517107422504087,-0.2386649401122749,0.5717625021934509
30,2,18,-0.24277985287283135,-0.06583860416890341,0.4815351068973541
30,2,19,0.1934008997461538,-0.25512459115450076,0.5711734294891357
30,2,20,-0.24277985287283135,-0.07406842969001634,0.4785959422588348
30,2,21,0.20986055078837965,-0.32096319532340417,0.5655148029327393
30,2,22,-0.2510096783939443,-0.10698773177446806,0.4657111465930938
30,2,23,0.0781833424505728,-0.008229825521112927,0.9946283102035522
30,2,24,-0.0781833424505728,0.008229825521112927,0.9932608604431152
30,2,25,-0.028804389323895247,0.9464299349279867,0.6399523615837097
30,2,26,-0.01234473828166939,0.9546597604490996,0.6449029445648193
30,2,27,0.15225177214058916,1.8517107422504087,0.6197775602340698
30,2,28,0.028804389323895247,1.7858721380815052,0.6294923424720764
30,2,29,0.15225177214058916,1.9751581250671026,0.6325490474700928
30,2,30,0.11933247005613745,1.9586984740248767,0.6155969500541687
30,2,31,-0.14402194661947623,2.1150651589260225,0.6622440814971924
30,2,32,-0.168711423182815,2.0821458568415707,0.6426420211791992
31,1,0,-0.048639234368271625,-1.2929929802898874,0.9994017481803894
31,1,1,-0.06485231249102882,-1.3659518318422947,0.9992024302482604
31,1,2,-0.056745773429650224,-1.3659518318422947,0.9991610050201416
31,1,3,-0.056745773429650224,-1.3659518318422947,0.9992684721946716
31,1,4,-0.10538500779792186,-1.3578452927809161,0.999273955821991
31,1,5,-0.12970462498205765,-1.3578452927809161,0.9991878867149352
31,1,6,-0.15402424216619348,-1.3578452927809161,0.9992372393608092
31,1,7,-0.08917192967516464,-1.3335256755967804,0.9988452196121216
31,1,8,-0.2269830937186009,-1.3254191365354018,0.9989029169082642
31,1,9,-0.04053269530689302,-1.2281406677988584,0.998790442943573
31,1,10,-0.08917192967516464,-1.2200341287374799,0.9989644289016724
31,1,11,-0.09727846873654325,-0.9606248787733646,0.998353898525238
31,1,12,-0.2918354062096297,-1.0011575740802576,0.997643768787384
31,1,13,-0.11349154685930045,-0.6363633163182204,0.513344407081604
31,1,14,-0.6485231249102883,-0.6363633163182204,0.5406838059425354
31,1,15,0.016213078122757206,-0.255355980433426,0.521514892578125
31,1,16,-0.33236810151652274,-0.1986102070037758,0.5378238558769226
31,1,17,0.048639234368271625,-0.16618405075826137,0.5216673612594604
31,1,18,-0.2594092499641153,-0.07701212108309674,0.5268981456756592
31,1,19,0.09727846873654325,-0.16618405075826137,0.5211883783340454
31,1,20,-0.2107700155958437,-0.10943827732861115,0.5237506628036499
31,1,21,0.056745773429650224,-0.17429058981964,0.5168036818504333
31,1,22,-0.23508963277997952,-0.14997097263550418,0.5108365416526794
31,1,23,0.06485231249102882,-0.0040532695306893015,0.9943147897720336
31,1,24,-0.06485231249102882,0.0040532695306893015,0.9936837553977966
31,1,25,0.08917192967516464,0.8390267928526854,0.596685528755188
31,1,26,-0.016213078122757206,0.8633464100368213,0.6685451865196228
31,1,27,0.03242615624551441,1.544295691192624,0.5842624306678772
31,1,28,-0.1945569374730865,1.7550657067884676,0.652674674987793
31,1,29,-0.12159808592067906,1.6983199333588175,0.6100943684577942
31,1,30,-0.2594092499641153,1.9171964880160397,0.6369666457176208
31,1,31,0.2188765546572223,1.6415741599291673,0.6365989446640015
31,1,32,0.08106539061378604,1.9982618786298258,0.6588472723960876
31,2,0,-0.308370356949495,-1.3430340546089847,0.9994418025016784
31,2,1,-0.24345028180223288,-1.4241841485430624,0.9992544651031494
31,2,2,-0.2191052536220096,-1.4241841485430624,0.9992189407348632
31,2,3,-0.1947602254417863,-1.4241841485430624,0.9993221163749696
31,2,4,-0.2921403381626795,-1.4160691391496547,0.999320387840271
31,2,5,-0.30025534755608724,-1.4160691391496547,0.9992370009422302
31,2,6,-0.30025534755608724,-1.4160691391496547,0.9992831945419312
31,2,7,-0.0892651033274854,-1.3917241109694314,0.9989430904388428
31,2,8,-0.23533527240882512,-1.3836091015760237,0.9989500045776368
31,2,9,-0.25156529119564064,-1.2781139794617227,0.998892605304718
31,2,10,-0.308370356949495,-1.269998970068315,0.9990182518959044
31,2,11,0.05680506575385434,-1.0346636976594898,0.9985167980194092
31,2,12,-0.1785302066549708,-0.96162861311882,0.9976873993873596
31,2,13,0.48690056360446576,-0.8804785191847423,0.5619073510169983
31,2,14,-0.23533527240882512,-0.547763134055024,0.4977259933948517
31,2,15,0.1541851784747475,-0.4179229837604998,0.5685951113700867
31,2,16,-0.3246003757363105,-0.1338976549912281,0.5071678757667542
31,2,17,0.13795515968793198,-0.25562279589234455,0.5671133399009705
31,2,18,-0.33271538512971827,-0.004057504696703881,0.4983383417129516
31,2,19,0.23533527240882512,-0.27185281467916006,0.5664896965026855
31,2,20,-0.34894540391653384,-0.004057504696703881,0.4956057071685791
31,2,21,0.1947602254417863,-0.3124278616461989,0.5613688230514526
31,2,22,-0.33271538512971827,-0.0446325516637427,0.4836690127849579
31,2,23,0.08115009393407763,-0.012172514090111644,0.994757890701294
31,2,24,-0.08115009393407763,0.012172514090111644,0.9936861395835876
31,2,25,-0.07303508454066987,0.9291685755451888,0.6301356554031372
31,2,26,-0.09738011272089316,0.9129385567583733,0.6443877816200256
31,2,27,0.17041519726156304,1.7974745806398196,0.6170213222503662
31,2,28,-0.016230018786815525,1.7244394960991496,0.6293985247612
31,2,29,0.1541851784747475,1.9354297403277516,0.6363812685012817
31,2,30,0.08115009393407763,1.886739683967305,0.6227647662162781
31,2,31,-0.18664521604837855,2.0328098530486445,0.6607943177223206
31,2,32,-0.22722026301541737,2.0003498154750137,0.6411453485488892
32,1,0,-0.0327687270145181,-1.3189412623343535,0.9994206428527832
32,1,1,-0.04915309052177715,-1.4008630798706487,0.9991896152496338
32,1,2,-0.040960908768147626,-1.4008630798706487,0.9991468787193298
32,1,3,-0.040960908768147626,-1.4008630798706487,0.9992216229438782
32,1,4,-0.0983061810435543,-1.3926708981170193,0.9992882609367372
32,1,5,-0.12288272630444289,-1.3926708981170193,0.99921053647995
32,1,6,-0.13926708981170194,-1.3926708981170193,0.9992568492889404
32,1,7,-0.0655374540290362,-1.3599021711025012,0.9987838268280028
32,1,8,-0.20480454384073812,-1.3517099893488718,0.9989631175994872
32,1,9,-0.01638436350725905,-1.2534038083053174,0.9986576437950134
32,1,10,-0.0655374540290362,-1.245211626551688,0.9989871382713318
32,1,11,-0.05734527227540668,-0.9748696286819135,0.9981674551963806
32,1,12,-0.2621498161161448,-0.9994461739428021,0.9979081153869628
32,1,13,-0.07372963578266573,-0.5652605410004372,0.5176397562026978
32,1,14,-0.5488761774931782,-0.5406839957395486,0.5471150875091553
32,1,15,0.11469054455081336,-0.2539576343625153,0.5217112898826599
32,1,16,-0.13926708981170194,-0.21299672559436766,0.551973283290863
32,1,17,0.1966123620871086,-0.1310749080580724,0.5215279459953308
32,1,18,-0.0327687270145181,-0.11469054455081336,0.5398989915847778
32,1,19,0.2621498161161448,-0.155651453318961,0.5210014581680298
32,1,20,0.01638436350725905,-0.1638436350725905,0.536736249923706
32,1,21,0.22118890734799718,-0.18842018033347907,0.5172442197799683
32,1,22,-0.008192181753629525,-0.1966123620871086,0.5242706537246704
32,1,23,0.08192181753629525,-0.008192181753629525,0.9942476153373718
32,1,24,-0.08192181753629525,0.008192181753629525,0.9940679669380188
32,1,25,0.2949185431306629,0.45876217820325343,0.6079154014587402
32,1,26,-0.01638436350725905,0.8683712658847297,0.6744173765182495
32,1,27,0.18022799857984956,0.9093321746528773,0.5867770314216614
32,1,28,-0.1310749080580724,1.761319077030348,0.6598042845726013
32,1,29,0.10649836279718383,1.0649836279718383,0.6132888197898865
32,1,30,-0.18022799857984956,1.916970530349309,0.6472281813621521
32,1,31,0.3031107248842924,1.122328900247245,0.6370442509651184
32,1,32,0.12288272630444289,1.9988923478856042,0.6655972003936768
32,2,0,-0.33991842936425454,-1.3356794753842474,0.9994581341743468
32,2,1,-0.29192994521871274,-1.4156602822934836,0.9992388486862184
32,2,2,-0.26793570314594184,-1.4156602822934836,0.999202847480774
32,2,3,-0.2439414610731709,-1.4156602822934836,0.9992754459381104
32,2,4,-0.32392226798240725,-1.40766220160256,0.9993276596069336
32,2,5,-0.32392226798240725,-1.40766220160256,0.99925434589386
32,2,6,-0.32392226798240725,-1.40766220160256,0.9992974400520324
32,2,7,-0.13996641209116364,-1.3996641209116363,0.9988808631896972
32,2,8,-0.25193954176409455,-1.3756698788388655,0.9990065097808838
32,2,9,-0.28393186452778907,-1.2716948298568582,0.9987725019454956
32,2,10,-0.32392226798240725,-1.2636967491659346,0.9990350604057312
32,2,11,0.03599136310915636,-1.0397504898200727,0.9983490705490112
32,2,12,-0.21994721900039998,-0.9517716022199127,0.9980266690254213
32,2,13,0.4358953976553382,-0.7518195849468218,0.5657795071601868
32,2,14,-0.36391267143702544,-0.47988484145541815,0.5312514305114746
32,2,15,0.1559625734730109,-0.39190595385525817,0.5692017078399658
32,2,16,-0.4598896397281091,-0.07998080690923637,0.5600303411483765
32,2,17,0.08397984725469818,-0.22394625934586182,0.5683045387268066
32,2,18,-0.5238742852554982,0.08797888760016,0.5448103547096252
32,2,19,-0.019995201727309092,-0.25593858210955633,0.5677197575569153
32,2,20,-0.5398704466373454,0.07198272621831273,0.5423616170883179
32,2,21,-0.019995201727309092,-0.3039270662550982,0.5636774897575378
32,2,22,-0.49188196249180366,0.01599616138184727,0.5300654172897339
32,2,23,0.12397025070931636,-0.02399424207277091,0.9946609735488892
32,2,24,-0.12397025070931636,0.02399424207277091,0.9942083358764648
32,2,25,0.003999040345461818,0.8158042304742109,0.6415677666664124
32,2,26,-0.1719587348548582,0.855794633928829,0.658388078212738
32,2,27,0.17995681554578183,1.7035911871667346,0.6182838678359985
32,2,28,-0.03599136310915636,1.67159886440304,0.6371450424194336
32,2,29,0.17995681554578183,1.8395585589124364,0.6374959349632263
32,2,30,0.05998560518192727,1.823562397530589,0.6309530138969421
32,2,31,-0.17995681554578183,1.9195393658216726,0.6590422987937927
32,2,32,-0.25193954176409455,1.9115412851307492,0.6481420397758484
33,1,0,-0.04522118103047257,-1.3525244144568613,0.9993998408317566
33,1,1,-0.08633134560362946,-1.4183006777739124,0.9991366863250732
33,1,2,-0.08633134560362946,-1.4183006777739124,0.9990906715393066
33,1,3,-0.08633134560362946,-1.4183006777739124,0.999196231365204
33,1,4,-0.1027754114328922,-1.410078644859281,0.9992402791976928
33,1,5,-0.11921947726215495,-1.410078644859281,0.9991610050201416
33,1,6,-0.1356635430914177,-1.4018566119446496,0.999223530292511
33,1,7,-0.11921947726215495,-1.3936345790300184,0.998661458492279
33,1,8,-0.18499574057920598,-1.3689684802861242,0.9989491105079652
33,1,9,-0.03699914811584119,-1.2867481511398104,0.9985180497169496
33,1,10,-0.061665246859735325,-1.278526118225179,0.9989040493965148
33,1,11,-0.04522118103047257,-0.9825329332984495,0.9983001947402954
33,1,12,-0.22610590515236287,-0.9989769991277122,0.998199999332428
33,1,13,-0.004111016457315688,-0.47276689259130417,0.518977701663971
33,1,14,-0.44810079384741003,-0.4563228267620414,0.5770905613899231
33,1,15,0.25899403681088834,-0.19321777349383734,0.5209548473358154
33,1,16,0.012333049371947066,-0.250772003896257,0.5986606478691101
33,1,17,0.3247703001279394,-0.1027754114328922,0.5212192535400391
33,1,18,0.1356635430914177,-0.1767737076645746,0.5806134343147278
33,1,19,0.3576584317864649,-0.16855167474994323,0.5211464762687683
33,1,20,0.1767737076645746,-0.21788387223773148,0.5773349404335022
33,1,21,0.316548267213308,-0.18499574057920598,0.5180942416191101
33,1,22,0.1438855760060491,-0.23432793806699423,0.5625664591789246
33,1,23,0.08633134560362946,0.004111016457315688,0.9948469400405884
33,1,24,-0.08633134560362946,-0.004111016457315688,0.9944390058517456
33,1,25,0.05344321394510395,0.8674244724936102,0.596808135509491
33,1,26,0.02877711520120982,0.8592024395789789,0.6663575172424316
33,1,27,-0.08633134560362946,1.7225158956152733,0.5809173583984375
33,1,28,-0.07810931268899808,1.6978497968713793,0.6425489187240601
33,1,29,-0.21788387223773148,1.8622904551640067,0.6079439520835876
33,1,30,-0.2096618393231001,1.8705124880786381,0.6352018117904663
33,1,31,0.11099744434752358,1.9527328172249518,0.6304081678390503
33,1,32,0.1438855760060491,1.911622652651795,0.6524633169174194
33,2,0,-0.26066921848542424,-1.3929511362814857,0.999422252178192
33,2,1,-0.2199396530970767,-1.4581184409028418,0.9991804957389832
33,2,2,-0.20364782694173766,-1.4581184409028418,0.9991402626037598
33,2,3,-0.18735600078639866,-1.4581184409028418,0.9992422461509703
33,2,4,-0.2525233054077547,-1.4499725278251723,0.9992641806602478
33,2,5,-0.2525233054077547,-1.4418266147475027,0.9991829991340636
33,2,6,-0.26066921848542424,-1.4418266147475027,0.9992433190345764
33,2,7,-0.13033460924271212,-1.4336807016698332,0.9987669587135316
33,2,8,-0.19550191386406818,-1.4092429624368248,0.9989443421363832
33,2,9,-0.20364782694173766,-1.31963791858246,0.9986380338668824
33,2,10,-0.2443773923300852,-1.3114920055047907,0.9989381432533264
33,2,11,0.07331321769902556,-1.0345309608640274,0.9984651803970336
33,2,12,-0.20364782694173766,-0.9612177431650019,0.9982045888900756
33,2,13,0.42358748003881436,-0.5294843500485179,0.56688392162323
33,2,14,-0.31769061002911075,-0.4724629585048314,0.5499445199966431
33,2,15,0.09775095693203409,-0.3584201754174583,0.5683590173721313
33,2,16,-0.3502742623397888,-0.26066921848542424,0.5944529175758362
33,2,17,-0.07331321769902556,-0.2280855661747462,0.5678975582122803
33,2,18,-0.3828579146504668,-0.20364782694173766,0.5781624913215637
33,2,19,-0.13848052232038163,-0.27696104464076327,0.5677396059036255
33,2,20,-0.39100382772813636,-0.2199396530970767,0.576207160949707
33,2,21,-0.10589687000970359,-0.3013987838737718,0.5641822218894958
33,2,22,-0.3584201754174583,-0.26066921848542424,0.5621195435523987
33,2,23,0.08960504385436457,-0.03258365231067803,0.9951374530792236
33,2,24,-0.08960504385436457,0.03258365231067803,0.9944843649864196
33,2,25,-0.06516730462135606,0.8960504385436457,0.6317609548568726
33,2,26,0.016291826155339015,0.8553208731552983,0.6515070796012878
33,2,27,0.07331321769902556,1.800246790164961,0.6140957474708557
33,2,28,0.08960504385436457,1.6454744416892404,0.6328748464584351
33,2,29,0.19550191386406818,1.9305813994076733,0.6306662559509277
33,2,30,0.19550191386406818,1.8409763555533085,0.624948263168335
33,2,31,-0.14662643539805112,2.0120405301843682,0.6543416380882263
33,2,32,-0.09775095693203409,1.8817059209416562,0.6431152820587158
34,1,0,-0.047911923018058654,-1.3614971457631668,0.9994269609451294
34,1,1,-0.07985320503009777,-1.4173943892842353,0.9991714358329772
34,1,2,-0.07985320503009777,-1.4173943892842353,0.9991214871406556
34,1,3,-0.07186788452708799,-1.4173943892842353,0.9992348551750184
34,1,4,-0.10380916653912708,-1.4094090687812255,0.9992613196372986
34,1,5,-0.11977980754514664,-1.4014237482782157,0.9991806745529176
34,1,6,-0.1357504485511662,-1.4014237482782157,0.9992498159408568
34,1,7,-0.10380916653912708,-1.385453107272196,0.9987074732780457
34,1,8,-0.17567705106621506,-1.3614971457631668,0.9989728927612304
34,1,9,-0.03194128201203911,-1.289629261236079,0.998573124408722
34,1,10,-0.06388256402407821,-1.289629261236079,0.998932123184204
34,1,11,-0.007985320503009777,-0.9861870821217074,0.9984425902366638
34,1,12,-0.20761833307825417,-1.002157723127727,0.9983668923377992
34,1,13,0.05589724352106843,-0.4351999674140328,0.520304799079895
34,1,14,-0.4312073071625279,-0.48311189043209146,0.5939167141914368
34,1,15,0.31142749961738125,-0.19564035232373952,0.5243866443634033
34,1,16,0.023955961509029327,-0.3074348393658764,0.6300233006477356
34,1,17,0.35933942263543994,-0.10780182679063198,0.5258680582046509
34,1,18,0.14373576905417598,-0.25153759584480795,0.6112436652183533
34,1,19,0.44717794816854745,-0.18765503182072973,0.5263254642486572
34,1,20,0.18366237156922485,-0.2994495188628666,0.6083282828330994
34,1,21,0.35933942263543994,-0.2036256728267493,0.5233576893806458
34,1,22,0.14373576905417598,-0.3234054803718959,0.5922672748565674
34,1,23,0.07186788452708799,-0.011977980754514663,0.9952206015586852
34,1,24,-0.07186788452708799,0.011977980754514663,0.9946985244750975
34,1,25,0.08783852553310753,0.8344659925645216,0.5866356492042542
34,1,26,0.07186788452708799,0.8264806720615119,0.6620173454284668
34,1,27,-0.08783852553310753,1.6170274018594797,0.573383629322052
34,1,28,-0.06388256402407821,1.6090420813564699,0.639911413192749
34,1,29,-0.20761833307825417,1.8645723374527827,0.5958074331283569
34,1,30,-0.1996330125752444,1.7927044529256948,0.6285319328308105
34,1,31,0.10380916653912708,1.8326310554407437,0.6223793625831604
34,1,32,0.15172108955718575,1.8406163759437535,0.6492986083030701
34,2,0,-0.27597620786572474,-1.4001734075540446,0.9994550943374634
34,2,1,-0.2272745241247145,-1.4569920385852233,0.9992191195487976
34,2,2,-0.20292368225420937,-1.4569920385852233,0.9991751313209534
34,2,3,-0.18668978767387262,-1.4569920385852233,0.9992831349372864
34,2,4,-0.259742313285388,-1.4488750912950548,0.9992932081222534
34,2,5,-0.26785926057555637,-1.4488750912950548,0.9992127418518066
34,2,6,-0.26785926057555637,-1.4407581440048864,0.9992779493331908
34,2,7,-0.11363726206235725,-1.4326411967147181,0.9988130927085876
34,2,8,-0.194806734964041,-1.408290354844213,0.9989863634109496
34,2,9,-0.21915757683454612,-1.3271208819425293,0.9986926317214966
34,2,10,-0.259742313285388,-1.3190039346523608,0.9989773631095886
34,2,11,0.08928642019185212,-1.0267938322062993,0.9985941648483276
34,2,12,-0.20292368225420937,-0.9699752011751207,0.9983767867088318
34,2,13,0.4220812590887555,-0.5397769947961969,0.568088173866272
34,2,14,-0.33279483889690337,-0.4829583637650183,0.5672312378883362
34,2,15,0.07305252561151537,-0.32873636525181915,0.571488082408905
34,2,16,-0.3490287334772401,-0.304385523381314,0.6250724792480469
34,2,17,-0.0974033674820205,-0.20698215589929356,0.5721452832221985
34,2,18,-0.389613469928082,-0.26380078693047215,0.6073659062385559
34,2,19,-0.14610505122303075,-0.26380078693047215,0.5724679231643677
34,2,20,-0.39773041721825036,-0.29626857609114565,0.6056991815567017
34,2,21,-0.12175420935252562,-0.2881516288009773,0.5690418481826782
34,2,22,-0.36526262805757687,-0.3368533125419875,0.5904396176338196
34,2,23,0.08116947290168375,-0.028409315515589312,0.9954994320869446
34,2,24,-0.08116947290168375,0.028409315515589312,0.9947842359542848
34,2,25,-0.008116947290168375,0.8806887809832686,0.6234579086303711
34,2,26,0.024350841870505124,0.8482209918225951,0.6549920439720154
34,2,27,0.08116947290168375,1.7735529829017898,0.608391284942627
34,2,28,0.08116947290168375,1.6355648789689274,0.6368109583854675
34,2,29,0.20292368225420937,1.9358919287051572,0.6189589500427246
34,2,30,0.194806734964041,1.8303716139329684,0.6214232444763184
34,2,31,-0.129871156642694,1.9845936124461676,0.6486486196517944
34,2,32,-0.11363726206235725,1.8790732976739786,0.6462518572807312
35,1,0,0.07227983094873816,-1.373316788026025,0.9992398023605348
35,1,1,0.032124369310550294,-1.4375655266471257,0.998902142047882
35,1,2,0.032124369310550294,-1.429534434319488,0.9988262057304382
35,1,3,0.056217646293463014,-1.429534434319488,0.9990665912628174
35,1,4,0.016062184655275147,-1.429534434319488,0.9990016222000122
35,1,5,0.0,-1.429534434319488,0.9988715052604676
35,1,6,-0.008031092327637573,-1.4215033419918506,0.9990115165710448
35,1,7,0.032124369310550294,-1.3974100650089378,0.9983038902282716
35,1,8,0.0,-1.3813478803536627,0.9987235069274902
35,1,9,0.08834201560401331,-1.3010369570772868,0.9983318448066713
35,1,10,0.07227983094873816,-1.3010369570772868,0.9987483620643616
35,1,11,0.04015546163818787,-0.9878243562994216,0.9985362887382508
35,1,12,-0.07227983094873816,-1.0119176332823343,0.9984874725341796
35,1,13,0.056217646293463014,-0.4577722626753417,0.520366370677948
35,1,14,-0.2409327698291272,-0.47383444733061686,0.608253002166748
35,1,15,0.40155461638187867,-0.29715041612259024,0.5269731879234314
35,1,16,0.24896386215676478,-0.4256478933647914,0.6517804265022278
35,1,17,0.4818655396582544,-0.22487058517385206,0.5302990674972534
35,1,18,0.4176168010371538,-0.40958570870951627,0.6315120458602905
35,1,19,0.489896631985892,-0.3051815084502278,0.5314289331436157
35,1,20,0.4497411703477041,-0.5059588166411672,0.6286325454711914
35,1,21,0.4577722626753417,-0.3453369700884157,0.5279375910758972
35,1,22,0.40155461638187867,-0.5139899089688047,0.6083167195320129
35,1,23,0.016062184655275147,-0.008031092327637573,0.9949271082878112
35,1,24,-0.016062184655275147,0.008031092327637573,0.9939628839492798
35,1,25,0.11243529258692603,0.811140325091395,0.5804568529129028
35,1,26,0.2730571391396775,0.714767217159744,0.6698892712593079
35,1,27,-0.056217646293463014,1.638342834838065,0.5766679644584656
35,1,28,0.16865293888038904,1.4455966189747633,0.6412367224693298
35,1,29,-0.17668403120802662,1.7748714044079037,0.590116024017334
35,1,30,0.0,1.5500008192340518,0.6238877177238464
35,1,31,0.1204663849145636,1.710622665786803,0.6194693446159363
35,1,32,0.2088084005185769,1.6062184655275147,0.6494511365890503
35,2,0,-0.19196161151616134,-1.3997200839720096,0.9992939829826356
35,2,1,-0.16796641007664118,-1.4637072878107302,0.9989886283874512
35,2,2,-0.1599680095968011,-1.4637072878107302,0.998918116092682
35,2,3,-0.143971208637121,-1.4637072878107302,0.9991390109062196
35,2,4,-0.19196161151616134,-1.4637072878107302,0.9990738034248352
35,2,5,-0.19196161151616134,-1.4637072878107302,0.9989507794380188
35,2,6,-0.19996001199600139,-1.4637072878107302,0.9990803599357604
35,2,7,-0.11197760671776077,-1.43971208637121,0.9984540939331056
35,2,8,-0.1599680095968011,-1.42371528541153,0.9987968802452089
35,2,9,-0.15196960911696106,-1.3277344796534492,0.998481273651123
35,2,10,-0.17596481055648122,-1.3277344796534492,0.998831272125244
35,2,11,0.10397920623792073,-1.0317936618993673,0.9986774921417236
35,2,12,-0.143971208637121,-0.9678064580606467,0.998474419116974
35,2,13,0.3599280215928025,-0.5198960311896036,0.568221926689148
35,2,14,-0.16796641007664118,-0.40791842447184284,0.5674475431442261
35,2,15,-0.09598080575808067,-0.3679264220726426,0.5739784836769104
35,2,16,-0.2559488153548818,-0.27994401679440195,0.6255640983581543
35,2,17,-0.23995201439520167,-0.3199360191936022,0.5764535665512085
35,2,18,-0.3199360191936022,-0.3199360191936022,0.6079025268554688
35,2,19,-0.27994401679440195,-0.39192162351216275,0.5773925185203552
35,2,20,-0.33593282015328235,-0.5038992302299236,0.605962872505188
35,2,21,-0.23995201439520167,-0.4159168249516829,0.5736508369445801
35,2,22,-0.3199360191936022,-0.47190562831056326,0.5871700048446655
35,2,23,0.039992002399200276,-0.01599680095968011,0.994946539402008
35,2,24,-0.039992002399200276,0.01599680095968011,0.993524134159088
35,2,25,-0.047990402879040335,0.8238352494235257,0.617301344871521
35,2,26,0.05598880335888039,0.7598480455848053,0.6389561891555786
35,2,27,0.16796641007664118,1.6476704988470514,0.609595000743866
35,2,28,0.20795841247584146,1.41571688493169,0.623542845249176
35,2,29,0.27994401679440195,1.7916417074841724,0.6222895383834839
35,2,30,0.3039392182339221,1.6156768969276913,0.6205632090568542
35,2,31,-0.08798240527824061,1.7756449065244924,0.6451218128204346
35,2,32,-0.007998400479840056,1.6476704988470514,0.6370322704315186
36,1,0,0.12605042016806722,-1.4285714285714286,0.999037504196167
36,1,1,0.10084033613445378,-1.4873949579831933,0.9986992478370668
36,1,2,0.10084033613445378,-1.4873949579831933,0.9986204504966736
36,1,3,0.1092436974789916,-1.4873949579831933,0.9989391565322876
36,1,4,0.09243697478991597,-1.4873949579831933,0.9988043904304504
36,1,5,0.08403361344537816,-1.4789915966386555,0.9986511468887328
36,1,6,0.07563025210084033,-1.4789915966386555,0.9988319873809814
36,1,7,0.04201680672268908,-1.4453781512605042,0.9981286525726318
36,1,8,0.025210084033613446,-1.4285714285714286,0.9984112977981568
36,1,9,0.14285714285714285,-1.3361344537815125,0.9979962110519408
36,1,10,0.12605042016806722,-1.3445378151260505,0.9984471797943116
36,1,11,0.058823529411764705,-1.0,0.9983984231948853
36,1,12,-0.058823529411764705,-1.0,0.9985179901123048
36,1,13,0.13445378151260504,-0.42857142857142855,0.5191640853881836
36,1,14,0.058823529411764705,-0.37815126050420167,0.608287513256073
36,1,15,0.35294117647058826,-0.35294117647058826,0.5291202068328857
36,1,16,0.4117647058823529,-0.5630252100840336,0.6578390598297119
36,1,17,0.44537815126050423,-0.3865546218487395,0.534559965133667
36,1,18,0.5462184873949579,-0.6302521008403361,0.639827311038971
36,1,19,0.48739495798319327,-0.453781512605042,0.5359049439430237
36,1,20,0.5546218487394958,-0.7310924369747899,0.6373240351676941
36,1,21,0.46218487394957986,-0.44537815126050423,0.531423807144165
36,1,22,0.5210084033613446,-0.7142857142857143,0.6164612174034119
36,1,23,0.03361344537815126,0.008403361344537815,0.9944177269935608
36,1,24,-0.03361344537815126,-0.008403361344537815,0.9930641055107116
36,1,25,0.23529411764705882,0.7226890756302521,0.5774948596954346
36,1,26,0.2184873949579832,0.7815126050420168,0.6509486436843872
36,1,27,0.025210084033613446,1.5294117647058822,0.5711222887039185
36,1,28,0.05042016806722689,1.546218487394958,0.6269389986991882
36,1,29,-0.09243697478991597,1.6470588235294117,0.5867292881011963
36,1,30,-0.07563025210084033,1.7142857142857142,0.6222735047340393
36,1,31,0.21008403361344538,1.6218487394957983,0.6104912757873535
36,1,32,0.2857142857142857,1.7058823529411764,0.6395056843757629
36,2,0,-0.17529741355916612,-1.4063633405996736,0.9991062879562378
36,2,1,-0.13545709229571928,-1.478075918873878,0.9988031387329102
36,2,2,-0.12748902804302992,-1.478075918873878,0.9987267851829528
36,2,3,-0.11155289953765117,-1.4860439831265673,0.9990209937095642
36,2,4,-0.15936128505378738,-1.478075918873878,0.998891532421112
36,2,5,-0.15936128505378738,-1.478075918873878,0.9987460374832152
36,2,6,-0.15936128505378738,-1.478075918873878,0.9989187717437744
36,2,7,-0.08764870677958306,-1.4541717261158098,0.9982911944389344
36,2,8,-0.13545709229571928,-1.4462036618631204,0.9985178709030152
36,2,9,-0.12748902804302992,-1.32668269807278,0.9981662631034852
36,2,10,-0.15139322080109802,-1.32668269807278,0.9985443949699402
36,2,11,0.11952096379034054,-1.0159281922178947,0.9985364079475404
36,2,12,-0.11155289953765117,-0.9840559352071371,0.9985185861587524
36,2,13,0.03187225701075748,-0.45816369452963873,0.5668345093727112
36,2,14,-0.07171257827420432,-0.42629143751888127,0.5594459176063538
36,2,15,-0.27888224884412793,-0.5298762728038431,0.5748342275619507
36,2,16,-0.2868503130968173,-0.6015888510780474,0.6139739751815796
36,2,17,-0.39043514838177906,-0.5617485298146006,0.5780565142631531
36,2,18,-0.3585628913710216,-0.6015888510780474,0.5994632244110107
36,2,19,-0.3824670841290897,-0.6254930438361155,0.5790240168571472
36,2,20,-0.3824670841290897,-0.6653333650995623,0.5979434847831726
36,2,21,-0.35059482711833223,-0.6254930438361155,0.573582649230957
36,2,22,-0.35059482711833223,-0.7529820718791453,0.5802709460258484
36,2,23,0.06374451402151496,0.003984032126344685,0.9942724704742432
36,2,24,-0.06374451402151496,-0.003984032126344685,0.9928062558174132
36,2,25,0.0,0.7609501361318347,0.6116272807121277
36,2,26,0.0,0.7370459433737666,0.6214354634284973
36,2,27,0.22310579907530234,1.4860439831265673,0.5988011360168457
36,2,28,0.19920160631723424,1.4063633405996736,0.6082598567008972
36,2,29,0.32669063436026413,1.5896288184115293,0.6111621260643005
36,2,30,0.29481837734950667,1.565724625653461,0.6167993545532227
36,2,31,-0.023904192758068106,1.5896288184115293,0.6320162415504456
36,2,32,0.06374451402151496,1.5816607541588399,0.6270992755889893
37,1,0,0.1296345101975254,-1.4259796121727792,0.9972367286682128
37,1,1,0.0961804430497769,-1.4928877464682762,0.9965428113937378
37,1,2,0.11290747662365114,-1.4928877464682762,0.9964036345481871
37,1,3,0.12127099341058827,-1.4928877464682762,0.9973427057266236
37,1,4,0.07945340947590265,-1.484524229681339,0.9965018033981324
37,1,5,0.07108989268896553,-1.4761607128944019,0.9959763288497924
37,1,6,0.07108989268896553,-1.4677971961074647,0.9964616298675536
37,1,7,0.07945340947590265,-1.4510701625335904,0.9957137703895568
37,1,8,0.012545275180405682,-1.417616095385842,0.9939947128295898
37,1,9,0.14636154377139962,-1.342344444303408,0.994195520877838
37,1,10,0.12127099341058827,-1.342344444303408,0.9941845536231996
37,1,11,0.06272637590202841,-1.007803772825923,0.9980836510658264
37,1,12,0.0041817583934685605,-0.9910767392520489,0.998336136341095
37,1,13,0.19654264449302236,-0.4139940809533875,0.5230341553688049
37,1,14,0.15472506055833674,-0.3638129802317648,0.5993387699127197
37,1,15,0.5310833159705072,-0.380540013805639,0.5374675989151001
37,1,16,0.514356282396633,-0.8321699203002436,0.6477908492088318
37,1,17,0.52271979918357,-0.4558116648880731,0.5430355668067932
37,1,18,0.6147184838398784,-0.9408956385304261,0.6327193975448608
37,1,19,0.5478103495443815,-0.380540013805639,0.5447811484336853
37,1,20,0.5896279334790671,-0.999440256038986,0.6310878992080688
37,1,21,0.52271979918357,-0.380540013805639,0.539519190788269
37,1,22,0.5561738663313186,-0.9743497056781746,0.6122629046440125
37,1,23,0.029272308754279924,-0.020908791967342803,0.9929664134979248
37,1,24,-0.029272308754279924,0.020908791967342803,0.9914030432701112
37,1,25,0.35544946344482764,0.5896279334790671,0.5643764734268188
37,1,26,0.2132696780668966,0.7652617860047466,0.614270806312561
37,1,27,0.20490616127995948,1.2921633435817852,0.5484040379524231
37,1,28,0.06272637590202841,1.5263418136160247,0.5988839864730835
37,1,29,0.07945340947590265,1.417616095385842,0.5633352994918823
37,1,30,-0.07945340947590265,1.6517945654200814,0.61159747838974
37,1,31,0.28854132914933067,1.4677971961074647,0.5844697952270508
37,1,32,0.2969048459362678,1.6350675318462071,0.6178249716758728
37,2,0,-0.14682424080638384,-1.4047508444718888,0.997499942779541
37,2,1,-0.1626971317043713,-1.460305962614845,0.996872067451477
37,2,2,-0.1309513499083964,-1.4682424080638385,0.9967449307441713
37,2,3,-0.11507845901040897,-1.4682424080638385,0.9975939989089966
37,2,4,-0.17063357715336502,-1.460305962614845,0.9968317747116088
37,2,5,-0.17857002260235874,-1.452369517165851,0.9963547587394714
37,2,6,-0.17857002260235874,-1.452369517165851,0.9967966079711914
37,2,7,-0.03571400452047175,-1.42856018081887,0.9961144924163818
37,2,8,-0.13888779535739013,-1.4126872899208824,0.994559109210968
37,2,9,-0.10714201356141524,-1.3253863899819516,0.9947468042373656
37,2,10,-0.13888779535739013,-1.3253863899819516,0.9947181344032288
37,2,11,0.12301490445940269,-1.0079285720222027,0.9982594847679138
37,2,12,-0.1309513499083964,-0.9920556811242153,0.998394012451172
37,2,13,0.027777559071478025,-0.4682502814906296,0.569970965385437
37,2,14,-0.059523340867452916,-0.4365044996946547,0.5511187314987183
37,2,15,-0.3055531497862583,-0.6904707540624538,0.5818174481391907
37,2,16,-0.10714201356141524,-0.142856018081887,0.6000983715057373
37,2,17,-0.40872694062317666,-0.7618987631033973,0.5847322940826416
37,2,18,-0.17857002260235874,-0.0714280090409435,0.5878956317901611
37,2,19,-0.3928540497251892,-0.7936445448993722,0.5860081315040588
37,2,20,-0.20237935894933992,-0.0714280090409435,0.5862223505973816
37,2,21,-0.36110826792921435,-0.7777716540013847,0.5798825025558472
37,2,22,-0.14682424080638384,-0.0714280090409435,0.570293128490448
37,2,23,0.0912691226634278,0.0,0.9935100078582764
37,2,24,-0.0912691226634278,0.0,0.9919264316558838
37,2,25,0.08333267721443408,0.8015809903483659,0.6030223369598389
37,2,26,-0.03571400452047175,0.7460258722054098,0.6117958426475525
37,2,27,0.2420615861943085,1.571416198900757,0.5881628394126892
37,2,28,0.13888779535739013,1.4126872899208824,0.5986546874046326
37,2,29,0.3452353770312269,1.6904628806356627,0.5978713631629944
37,2,30,0.2420615861943085,1.5476068625537758,0.6097809076309204
37,2,31,-0.019841113622484304,1.6666535442886816,0.6195886731147766
37,2,32,-0.003968222724496861,1.5396704171047821,0.6249560713768005
38,1,0,0.09578013691883562,-1.3867298084335766,0.997660756111145
38,1,1,0.07912272180251638,-1.4533594688988536,0.997119128704071
38,1,2,0.087451429360676,-1.4533594688988536,0.996987760066986
38,1,3,0.09578013691883562,-1.4533594688988536,0.9977771639823914
38,1,4,0.062465306686197146,-1.445030761340694,0.9970785975456238
38,1,5,0.062465306686197146,-1.445030761340694,0.9966276288032532
38,1,6,0.054136599128037526,-1.445030761340694,0.9970486760139464
38,1,7,0.045807891569877905,-1.420044638666215,0.9964245557785034
38,1,8,0.020821768895399047,-1.3950585159917364,0.9950412511825562
38,1,9,0.12909496715147412,-1.3201001479682997,0.9951610565185548
38,1,10,0.10410884447699524,-1.3201001479682997,0.9951528906822203
38,1,11,0.045807891569877905,-0.986951845641915,0.9982184171676636
38,1,12,0.020821768895399047,-1.0119379683163938,0.9985050559043884
38,1,13,0.2207107502912299,-0.5705164677339339,0.5294549465179443
38,1,14,0.18739592005859143,-0.503886807268657,0.5935880541801453
38,1,15,0.4205997316870608,-0.9536370154092765,0.5617824792861938
38,1,16,0.4622432694778589,-0.9036647700603188,0.6358766555786133
38,1,17,0.5205442223849762,-1.0369240909908726,0.5681672692298889
38,1,18,0.5288729299431358,-0.986951845641915,0.6226840615272522
38,1,19,0.49555809971049736,-1.070238921223511,0.5689705014228821
38,1,20,0.49555809971049736,-1.0202666758745533,0.6206914782524109
38,1,21,0.4622432694778589,-1.0452527985490323,0.5632103681564331
38,1,22,0.4622432694778589,-0.9952805532000746,0.6044842600822449
38,1,23,-0.012493061337239429,0.012493061337239429,0.9936980605125428
38,1,24,0.012493061337239429,-0.012493061337239429,0.9921619296073914
38,1,25,0.29566911831466647,0.7537480340134456,0.5590076446533203
38,1,26,0.14575238226779333,0.7704054491297648,0.6160397529602051
38,1,27,0.07912272180251638,1.4616881764570133,0.5414315462112427
38,1,28,0.045807891569877905,1.511660421805971,0.5850763320922852
38,1,29,-0.029150476453558668,1.5866187898294075,0.5576276183128357
38,1,30,-0.10410884447699524,1.661577157852844,0.599128246307373
38,1,31,0.22903945784938953,1.6116049125038865,0.5762685537338257
38,1,32,0.24569687296570877,1.661577157852844,0.6085197925567627
38,2,0,-0.1904521995206855,-1.3331653966447985,0.997888207435608
38,2,1,-0.1904521995206855,-1.3966494631516937,0.9974019527435304
38,2,2,-0.1904521995206855,-1.3966494631516937,0.9972826838493348
38,2,3,-0.1825166912073236,-1.3966494631516937,0.9979947209358216
38,2,4,-0.20632321614740928,-1.3887139548383318,0.997362732887268
38,2,5,-0.21425872446077118,-1.3887139548383318,0.9969536662101746
38,2,6,-0.21425872446077118,-1.3887139548383318,0.9973354935646056
38,2,7,-0.10316160807370464,-1.38077844652497,0.9967767000198364
38,2,8,-0.1587101662672379,-1.3649074298982462,0.995524525642395
38,2,9,-0.150774657953876,-1.2776168384512652,0.995632827281952
38,2,10,-0.1745811828939617,-1.2776168384512652,0.9956165552139282
38,2,11,0.10316160807370464,-0.991938539170237,0.9983880519866944
38,2,12,-0.07141957482025707,-1.0078095557969609,0.9985644221305848
38,2,13,-0.015871016626723793,-0.5237435486818851,0.5759759545326233
38,2,14,-0.07141957482025707,-0.5237435486818851,0.5455423593521118
38,2,15,-0.29361380759439015,-0.8490993895297229,0.6043503284454346
38,2,16,-0.1745811828939617,-0.6824537149491231,0.5963113903999329
38,2,17,-0.3650333824146472,-0.9522609976034275,0.6085049510002136
38,2,18,-0.26187177434094255,-0.7300667648292944,0.5862435102462769
38,2,19,-0.3491623657879234,-0.9998740474835989,0.6090200543403625
38,2,20,-0.26187177434094255,-0.8332283729029991,0.5837858319282532
38,2,21,-0.32535584084783775,-0.9681320142301513,0.6027331948280334
38,2,22,-0.21425872446077118,-0.8094218479629134,0.5694603323936462
38,2,23,0.05554855819353327,0.007935508313361896,0.9942121505737304
38,2,24,-0.05554855819353327,-0.007935508313361896,0.9927603602409364
38,2,25,0.031742033253447585,0.8967124394098942,0.5972595810890198
38,2,26,-0.04761304988017138,0.8887769310965323,0.5941385626792908
38,2,27,0.20632321614740928,1.67439225411936,0.5783094167709351
38,2,28,0.1904521995206855,1.6347147125525505,0.5775975584983826
38,2,29,0.29361380759439015,1.7934248788197884,0.5869671106338501
38,2,30,0.2856782992810283,1.7775538621930647,0.5916740894317627
38,2,31,-0.05554855819353327,1.833102420386598,0.6091845631599426
38,2,32,-0.03967754156680948,1.7934248788197884,0.6088207364082336
39,1,0,0.09502104302462652,-1.3757394490087231,0.9980266094207764
39,1,1,0.061970245450843384,-1.4335783447628436,0.9976134300231934
39,1,2,0.07023294484428917,-1.4335783447628436,0.9974950551986694
39,1,3,0.07023294484428917,-1.4335783447628436,0.9981545209884644
39,1,4,0.045444846663951814,-1.4253156453693978,0.9975751638412476
39,1,5,0.03718214727050603,-1.4253156453693978,0.9971929788589478
39,1,6,0.03718214727050603,-1.4253156453693978,0.9975546002388
39,1,7,0.028919447877060245,-1.4005275471890606,0.9970457553863524
39,1,8,-0.004131349696722892,-1.3757394490087231,0.995932638645172
39,1,9,0.11154644181151809,-1.3096378538611568,0.9959834814071656
39,1,10,0.08675834363118073,-1.3096378538611568,0.9959861040115356
39,1,11,0.03718214727050603,-0.9873925775167712,0.9983394145965576
39,1,12,0.004131349696722892,-1.0121806756971086,0.998662292957306
39,1,13,0.2106988345328675,-0.5494695096641447,0.534304678440094
39,1,14,0.1693853375656386,-0.5246814114838073,0.5891690850257874
39,1,15,0.43379171815590367,-0.9543417799429881,0.5845024585723877
39,1,16,0.4420544175493495,-0.9543417799429881,0.6331865787506104
39,1,17,0.5246814114838073,-1.0452314732708918,0.5923146605491638
39,1,18,0.5164187120903615,-1.0452314732708918,0.6218962073326111
39,1,19,0.49989331330347,-1.0782822708446749,0.591934859752655
39,1,20,0.4833679145165784,-1.0948076696315665,0.6191456913948059
39,1,21,0.45857981633624106,-1.0452314732708918,0.5857314467430115
39,1,22,0.45857981633624106,-1.0617568720577832,0.604263961315155
39,1,23,0.004131349696722892,0.004131349696722892,0.9944021105766296
39,1,24,-0.004131349696722892,-0.004131349696722892,0.993026077747345
39,1,25,0.29332582846732536,0.7808250926806266,0.5552091002464294
39,1,26,0.1611226381721928,0.8634520866150844,0.6062420010566711
39,1,27,0.03718214727050603,1.4666291423366267,0.5341425538063049
39,1,28,0.012394049090168677,1.607095032025205,0.573634147644043
39,1,29,-0.07849564423773495,1.607095032025205,0.5483281016349792
39,1,30,-0.11980914120496387,1.731035522926892,0.5858344435691833
39,1,31,0.19417343574597593,1.6318831302055425,0.5708690285682678
39,1,32,0.22722423331975908,1.7392982223203377,0.6023629307746887
39,2,0,-0.18253393389205047,-1.3372594722091522,0.99821799993515
39,2,1,-0.18253393389205047,-1.4007495361716047,0.997847020626068
39,2,2,-0.1745976758967439,-1.408685794166911,0.997739553451538
39,2,3,-0.1745976758967439,-1.408685794166911,0.998334527015686
39,2,4,-0.19840644988266354,-1.4007495361716047,0.9978105425834656
39,2,5,-0.2063427078779701,-1.4007495361716047,0.9974637627601624
39,2,6,-0.2063427078779701,-1.4007495361716047,0.9977917671203612
39,2,7,-0.0952350959436785,-1.3848770201809915,0.9973352551460266
39,2,8,-0.1507889019108243,-1.3690045041903784,0.9963276386260986
39,2,9,-0.14285264391551775,-1.2817056662420065,0.9963693618774414
39,2,10,-0.16666141790143738,-1.2817056662420065,0.9963623881340028
39,2,11,0.11110761193429158,-1.0039366364062776,0.9984942078590392
39,2,12,-0.0952350959436785,-0.996000378410971,0.99868243932724
39,2,13,-0.023808773985919626,-0.5356974146831915,0.5802561640739441
39,2,14,-0.07142632195775887,-0.527761156687885,0.5411943197250366
39,2,15,-0.2857052878310355,-0.8769565084813729,0.6246429681777954
39,2,16,-0.11110761193429158,-0.6706138006034028,0.5932912826538086
39,2,17,-0.3571316097887944,-0.9721916044250514,0.6299970149993896
39,2,18,-0.21427896587327663,-0.6071237366409504,0.5857406258583069
39,2,19,-0.3491953517934878,-1.011872894401584,0.6294320821762085
39,2,20,-0.21427896587327663,-0.6626775426080962,0.5826735496520996
39,2,21,-0.3174503198122617,-0.9880641204156645,0.6226943731307983
39,2,22,-0.1507889019108243,-0.8690202504860663,0.5697891116142273
39,2,23,0.05555380596714579,-0.003968128997653271,0.994841456413269
39,2,24,-0.05555380596714579,0.003968128997653271,0.9935296177864076
39,2,25,0.04761754797183925,0.9087015404625991,0.5932641625404358
39,2,26,0.007936257995306542,0.9007652824672925,0.5815418362617493
39,2,27,0.2063427078779701,1.6626460500167206,0.5709463357925415
39,2,28,0.19840644988266354,1.638837276030801,0.5627002716064453
39,2,29,0.3095140618169551,1.7896261779416252,0.5800269246101379
39,2,30,0.2857052878310355,1.7816899199463188,0.5773276686668396
39,2,31,-0.05555380596714579,1.8213712099228514,0.6036368608474731
39,2,32,-0.023808773985919626,1.8054986939322384,0.5993306636810303
40,1,0,0.06779113315540765,-1.3685335005747918,0.9983349442481996
40,1,1,0.04236945822212978,-1.4278507420857736,0.9980180263519288
40,1,2,0.04236945822212978,-1.4278507420857736,0.997909128665924
40,1,3,0.04236945822212978,-1.4278507420857736,0.9984617233276368
40,1,4,0.02542167493327787,-1.4193768504413478,0.9979828000068665
40,1,5,0.016947783288851912,-1.4193768504413478,0.9976553320884703
40,1,6,0.008473891644425956,-1.4193768504413478,0.9979687929153442
40,1,7,0.008473891644425956,-1.4024290671524957,0.9975326657295228
40,1,8,-0.05084334986655574,-1.3770073922192179,0.9966574907302856
40,1,9,0.09321280808868551,-1.3092162590638101,0.9966569542884828
40,1,10,0.0762650247998336,-1.3007423674193843,0.9966638684272766
40,1,11,0.06779113315540765,-0.978734484931198,0.9985058307647704
40,1,12,-0.04236945822212978,-1.0211039431533278,0.9987831711769104
40,1,13,0.16947783288851911,-0.5465660110654742,0.5434565544128418
40,1,14,0.1525300495996672,-0.5041965528433444,0.5853121280670166
40,1,15,0.33895566577703823,-0.9702605932867719,0.6190807819366455
40,1,16,0.381325123999168,-0.9024694601313643,0.6310238838195801
40,1,17,0.44064236551014974,-1.0634734013754574,0.6259070634841919
40,1,18,0.4575901487990016,-0.9956822682200498,0.6218709945678711
40,1,19,0.41522069057687183,-1.0804211846643095,0.6243352293968201
40,1,20,0.41522069057687183,-1.0380517264421796,0.6185024380683899
40,1,21,0.35590344906589017,-1.0549995097310316,0.6165475249290466
40,1,22,0.381325123999168,-1.0295778347977538,0.6049092411994934
40,1,23,-0.008473891644425956,0.004236945822212978,0.9948825240135192
40,1,24,0.008473891644425956,-0.004236945822212978,0.9937075972557068
40,1,25,0.16947783288851911,0.8346783269759567,0.5530655980110168
40,1,26,0.11016059137753743,0.8770477851980865,0.5885618329048157
40,1,27,-0.008473891644425956,1.5803807916854409,0.5346981287002563
40,1,28,-0.04236945822212978,1.7668064078628118,0.5622280240058899
40,1,29,-0.11863448302196339,1.7752802995072379,0.5495579242706299
40,1,30,-0.17795172453294508,1.936284240751331,0.5717938542366028
40,1,31,0.194899507821797,1.7074891663518301,0.5758303999900818
40,1,32,0.2287950743995008,1.9108625658180531,0.5962086319923401
40,2,0,-0.18032181138193035,-1.3319224704347128,0.9984930753707886
40,2,1,-0.15573247346621258,-1.39749403820996,0.9982081651687622
40,2,2,-0.14753602749430664,-1.39749403820996,0.998108983039856
40,2,3,-0.1311431355504948,-1.39749403820996,0.99860817193985
40,2,4,-0.18032181138193035,-1.39749403820996,0.9981729388237
40,2,5,-0.18032181138193035,-1.39749403820996,0.997873842716217
40,2,6,-0.18851825735383626,-1.39749403820996,0.998159646987915
40,2,7,-0.13933958152240072,-1.3811011462661484,0.9977684020996094
40,2,8,-0.21310759526955406,-1.3729047002942425,0.9969733357429504
40,2,9,-0.1311431355504948,-1.2745473486313712,0.9969680309295654
40,2,10,-0.1639289194381185,-1.2745473486313712,0.9969630241394044
40,2,11,0.0983573516628711,-0.9958681855865699,0.9986399412155152
40,2,12,-0.11475024360668294,-1.0040646315584758,0.998717963695526
40,2,13,0.0327857838876237,-0.5778494410193677,0.5882256627082825
40,2,14,-0.024589337915717775,-0.5204743192160263,0.533668041229248
40,2,15,-0.24589337915717774,-0.9466895097551343,0.6552816033363342
40,2,16,-0.10655379763477703,-0.4139205215812492,0.5809431076049805
40,2,17,-0.31146494693242516,-1.0532433073899112,0.6596018075942993
40,2,18,-0.11475024360668294,-0.3811347376936255,0.5751769542694092
40,2,19,-0.2950720549886133,-1.086029091277535,0.657925009727478
40,2,20,-0.11475024360668294,-0.43850985949696697,0.5721404552459717
40,2,21,-0.27867916304480145,-1.0614397533618172,0.649594247341156
40,2,22,-0.11475024360668294,-0.4467063054688729,0.5607069134712219
40,2,23,0.0655715677752474,-0.004098222985952963,0.9952895641326904
40,2,24,-0.0655715677752474,0.004098222985952963,0.994114637374878
40,2,25,0.01639289194381185,0.9466895097551343,0.5945037007331848
40,2,26,-0.04098222985952962,0.9221001718394165,0.5880900621414185
40,2,27,0.18032181138193035,1.7991198908333506,0.5772731304168701
40,2,28,0.1311431355504948,1.7089589851423854,0.575530469417572
40,2,29,0.2950720549886133,1.946655918327657,0.5841037631034851
40,2,30,0.2540898251290837,1.9056736884681276,0.5780122876167297
40,2,31,-0.008196445971905926,2.045013269990528,0.6139116883277893
40,2,32,-0.01639289194381185,1.9794417022152808,0.6137512922286987
41,1,0,-0.004180442731493006,-1.341922116809255,0.998542308807373
41,1,1,-0.012541328194479019,-1.4004483150501572,0.9983002543449402
41,1,2,-0.012541328194479019,-1.4004483150501572,0.9981942772865297
41,1,3,-0.012541328194479019,-1.4004483150501572,0.9986672401428224
41,1,4,-0.020902213657465033,-1.4004483150501572,0.9982681274414062
41,1,5,-0.020902213657465033,-1.4004483150501572,0.9979750514030457
41,1,6,-0.029263099120451046,-1.4004483150501572,0.9982579946517944
41,1,7,-0.0627066409723951,-1.383726544124185,0.9978299736976624
41,1,8,-0.07942841189836712,-1.3670047731982131,0.99720299243927
41,1,9,0.029263099120451046,-1.275035033105367,0.9971184730529784
41,1,10,0.012541328194479019,-1.275035033105367,0.9971460700035096
41,1,11,-0.029263099120451046,-0.9907649273638425,0.9986509680747986
41,1,12,-0.05434575550940909,-1.0074866982898145,0.9988189935684204
41,1,13,0.1379546101392692,-0.5727206542145419,0.5515525341033936
41,1,14,0.05434575550940909,-0.4974726850476678,0.5788780450820923
41,1,15,0.2633678920840594,-0.9322387291229405,0.6425153017044067
41,1,16,0.34697674671391954,-0.8319081035671083,0.6200023889541626
41,1,17,0.37205940310287755,-1.0325693546787726,0.6501229405403137
41,1,18,0.4556682577327377,-0.9573213855118985,0.6127340197563171
41,1,19,0.3386158612509335,-1.0576520110677305,0.6484107971191406
41,1,20,0.4138638304178076,-0.9991258128268286,0.609490156173706
41,1,21,0.29681143393600345,-1.0325693546787726,0.6398105621337891
41,1,22,0.3636985176398916,-0.9656822709748845,0.5974007844924927
41,1,23,-0.037623984583437055,0.004180442731493006,0.9955387711524964
41,1,24,0.037623984583437055,-0.004180442731493006,0.9944495558738708
41,1,25,-0.029263099120451046,0.8653516454190523,0.5632970333099365
41,1,26,0.020902213657465033,0.8904343018080104,0.6128684282302856
41,1,27,-0.08778929736135313,1.6763575353286957,0.5606263279914856
41,1,28,-0.07942841189836712,1.7599663899585558,0.5941835641860962
41,1,29,-0.17975903745419927,1.885379671903346,0.5768465995788574
41,1,30,-0.1964808083801713,1.952266755607234,0.5889320969581604
41,1,31,0.14631549560225524,1.8770187864403598,0.604659378528595
41,1,32,0.15467638106524123,2.019153839311122,0.6255533695220947
41,2,0,-0.1935468136541775,-1.29031209102785,0.9986620545387268
41,2,1,-0.1693534619474053,-1.3467632450103184,0.998441517353058
41,2,2,-0.16128901137848126,-1.3467632450103184,0.9983423948287964
41,2,3,-0.15322456080955718,-1.3467632450103184,0.998772382736206
41,2,4,-0.18548236308525343,-1.3548276955792424,0.9984065294265748
41,2,5,-0.18548236308525343,-1.3548276955792424,0.9981297254562378
41,2,6,-0.18548236308525343,-1.3548276955792424,0.9983957409858704
41,2,7,-0.20161126422310155,-1.3386987944413944,0.9980077147483826
41,2,8,-0.20161126422310155,-1.3467632450103184,0.9974411725997924
41,2,9,-0.14516011024063313,-1.2338609370453815,0.9973377585411072
41,2,10,-0.17741791251632938,-1.2338609370453815,0.9973535537719728
41,2,11,0.08870895625816469,-0.9999918705465837,0.9987648129463196
41,2,12,-0.09677340682708875,-0.9999918705465837,0.9987666606903076
41,2,13,0.024193351706772188,-0.5806404409625325,0.5947850942611694
41,2,14,-0.016128901137848123,-0.5080603858422159,0.5266749262809753
41,2,15,-0.20967571479202562,-0.9919274199776597,0.6739795207977295
41,2,16,-0.032257802275696246,-0.24999796763664592,0.5660672783851624
41,2,17,-0.26612686877449404,-1.1048297279425965,0.6779133677482605
41,2,18,-0.040322252844620314,-0.18548236308525343,0.5616358518600464
41,2,19,-0.24193351706772187,-1.1451519807872168,0.6758129000663757
41,2,20,-0.040322252844620314,-0.21774016536094967,0.5588458776473999
41,2,21,-0.21774016536094967,-1.1128941785115205,0.6659170389175415
41,2,22,-0.040322252844620314,-0.24193351706772187,0.5486723780632019
41,2,23,0.05645115398246844,0.008064450568924061,0.9958961606025696
41,2,24,-0.05645115398246844,-0.008064450568924061,0.9947532415390016
41,2,25,-0.032257802275696246,0.9596696177019635,0.6022794842720032
41,2,26,-0.10483785739601281,0.8870895625816468,0.6007435321807861
41,2,27,0.14516011024063313,1.7903080263011417,0.5996993780136108
41,2,28,0.13709565967170906,1.701599070042977,0.5978665947914124
41,2,29,0.2983846710501903,1.951597037679623,0.6060601472854614
41,2,30,0.2741913193434181,1.8628880814214583,0.5873063802719116
41,2,31,-0.06451560455139249,2.0483704445067117,0.6389901041984558
41,2,32,-0.040322252844620314,1.951597037679623,0.6365727186203003
42,1,0,-0.06215030928487813,-1.3051564949824408,0.9986006021499634
42,1,1,-0.03729018557092688,-1.3631634503149936,0.9983953237533568
42,1,2,-0.03729018557092688,-1.3631634503149936,0.9982869625091552
42,1,3,-0.03729018557092688,-1.3631634503149936,0.9987041354179382
42,1,4,-0.053863601380227714,-1.3631634503149936,0.9983658194541932
42,1,5,-0.053863601380227714,-1.3631634503149936,0.9980934262275696
42,1,6,-0.06215030928487813,-1.3631634503149936,0.9983714818954468
42,1,7,-0.07872372509417896,-1.346590034505693,0.9978548288345336
42,1,8,-0.11187055671278064,-1.3383033266010425,0.9975194931030272
42,1,9,-0.004143353952325209,-1.247149539649888,0.9972233772277832
42,1,10,-0.03729018557092688,-1.247149539649888,0.9972928166389464
42,1,11,-0.03729018557092688,-0.9819748867010745,0.9986689686775208
42,1,12,-0.07043701718952855,-1.0151217183196761,0.9988489151000975
42,1,13,0.09529714090347981,-0.5262059519453015,0.5522641539573669
42,1,14,-0.004143353952325209,-0.476485704517399,0.5722934007644653
42,1,15,0.2361711752825369,-0.8825343918452695,0.6399858593940735
42,1,16,0.3273249622336915,-0.8162407286080662,0.6059671640396118
42,1,17,0.3853319175662444,-0.9985483025103753,0.6476539373397827
42,1,18,0.44333887289879736,-0.9239679313685215,0.5997077822685242
42,1,19,0.3687585017569436,-1.0234084262243266,0.6458355188369751
42,1,20,0.41019204128019565,-0.9654014708917736,0.5967335104942322
42,1,21,0.3273249622336915,-0.9985483025103753,0.6366317272186279
42,1,22,0.36047179385229317,-0.9405413471778225,0.5857929587364197
42,1,23,-0.02900347766627646,0.020716769761626043,0.9960167407989502
42,1,24,0.02900347766627646,-0.020716769761626043,0.9950339794158936
42,1,25,-0.02900347766627646,0.8825343918452695,0.5770043730735779
42,1,26,-0.004143353952325209,0.8576742681313182,0.6294413805007935
42,1,27,-0.11187055671278064,1.68634505859636,0.5905642509460449
42,1,28,-0.09529714090347981,1.7692121376428642,0.622692346572876
42,1,29,-0.1864509278546344,1.8686526324986692,0.6025365591049194
42,1,30,-0.178164219949984,1.926659587831222,0.6062044501304626
42,1,31,0.08701043299882938,1.9349462957358725,0.633682370185852
42,1,32,0.10358384880813022,2.042673498496328,0.6536153554916382
42,2,0,-0.2810356685305442,-1.229531049821131,0.9987303614616394
42,2,1,-0.2498094831382615,-1.3075965133018377,0.9985470771789552
42,2,2,-0.24200293679019083,-1.3075965133018377,0.998448371887207
42,2,3,-0.24200293679019083,-1.3154030596499082,0.9988250136375428
42,2,4,-0.2654225758344029,-1.3075965133018377,0.9985170364379884
42,2,5,-0.2732291221824735,-1.3154030596499082,0.9982675313949584
42,2,6,-0.2732291221824735,-1.3154030596499082,0.9985220432281494
42,2,7,-0.1951636587017668,-1.3154030596499082,0.9980584383010864
42,2,8,-0.25761602948633217,-1.3154030596499082,0.9977542757987976
42,2,9,-0.21858329774597882,-1.1748852253846362,0.9974762201309204
42,2,10,-0.24200293679019083,-1.1748852253846362,0.9975365400314332
42,2,11,0.03903273174035336,-0.98752811303094,0.9987887740135192
42,2,12,-0.11709819522106008,-1.010947752075152,0.9988737106323242
42,2,13,-0.06245237078456538,-0.5191353321466997,0.5960688591003418
42,2,14,-0.09367855617684806,-0.487909146754417,0.52385014295578
42,2,15,-0.24200293679019083,-0.9250757422463747,0.6728600859642029
42,2,16,-0.1639374733094841,-0.33177821979300354,0.5592790842056274
42,2,17,-0.3044553075747562,-1.0265608447712933,0.6768129467964172
42,2,18,-0.18735711235369612,-0.2927454880526502,0.5563436150550842
42,2,19,-0.2888422148786149,-1.0655935765116467,0.6748622059822083
42,2,20,-0.17955056600562547,-0.3473913124891449,0.5539063215255737
42,2,21,-0.25761602948633217,-1.0421739374674348,0.6650019884109497
42,2,22,-0.17955056600562547,-0.3551978588372156,0.5447492003440857
42,2,23,0.03903273174035336,0.003903273174035336,0.9962939023971558
42,2,24,-0.03903273174035336,-0.003903273174035336,0.9953010082244872
42,2,25,-0.07025891713263605,0.940688834942516,0.6128965020179749
42,2,26,-0.07806546348070673,0.8860430105060213,0.604079008102417
42,2,27,0.13271128791720144,1.7213434697495833,0.6236156821250916
42,2,28,0.13271128791720144,1.6666976453130884,0.6138671636581421
42,2,29,0.2810356685305442,1.8618613040148553,0.6306169033050537
42,2,30,0.2654225758344029,1.7994089332302898,0.5985040068626404
42,2,31,-0.13271128791720144,1.986766045583986,0.6625423431396484
42,2,32,-0.10148510252491874,1.91650712845135,0.6531686782836914
43,1,0,-0.096879788064931,-1.259437244844103,0.9988049268722534
43,1,1,-0.08073315672077583,-1.3320970858928012,0.9986436367034912
43,1,2,-0.07265984104869824,-1.3320970858928012,0.9985418319702148
43,1,3,-0.07265984104869824,-1.3320970858928012,0.998891532421112
43,1,4,-0.096879788064931,-1.3240237702207236,0.9986201524734496
43,1,5,-0.10495310373700859,-1.3320970858928012,0.9983876943588256
43,1,6,-0.11302641940908617,-1.3320970858928012,0.9986277222633362
43,1,7,-0.07265984104869824,-1.3240237702207236,0.9981694221496582
43,1,8,-0.14531968209739649,-1.315950454548646,0.9979377388954164
43,1,9,-0.0484398940324655,-1.2109973508116374,0.9976348280906676
43,1,10,-0.07265984104869824,-1.2029240351395598,0.9977104067802428
43,1,11,-0.056513209704543085,-0.9849445119934651,0.9987971186637878
43,1,12,-0.096879788064931,-1.009164459009698,0.99896639585495
43,1,13,0.10495310373700859,-0.5409121500291981,0.5706992745399475
43,1,14,0.016146631344155168,-0.48439894032465497,0.5697849988937378
43,1,15,0.3229326268831033,-0.9365046179609996,0.6710460782051086
43,1,16,0.26641941717856027,-0.8476981455681463,0.6013026833534241
43,1,17,0.4278857306201119,-1.0172377746817756,0.6742882132530212
43,1,18,0.3713725209155688,-0.9445779336330772,0.5970309376716614
43,1,19,0.3955924679318016,-1.049531037370086,0.6713308095932007
43,1,20,0.3148593112110257,-0.9849445119934651,0.5944324135780334
43,1,21,0.34715257389933607,-1.0253110903538531,0.6595154404640198
43,1,22,0.27449273285063785,-0.9607245649772324,0.5847824811935425
43,1,23,-0.0484398940324655,0.008073315672077584,0.9964620471000672
43,1,24,0.0484398940324655,-0.008073315672077584,0.9956607818603516
43,1,25,-0.06458652537662067,0.8315515142239911,0.6017583608627319
43,1,26,0.008073315672077584,0.8880647239285342,0.6362934708595276
43,1,27,-0.15339299776947407,1.5177833463505856,0.6310270428657532
43,1,28,-0.12109973508116374,1.7519095008408356,0.6440356373786926
43,1,29,-0.2341261544902499,1.7357628694966805,0.6372923851013184
43,1,30,-0.20990620747401717,1.8891558672661544,0.6224055886268616
43,1,31,0.0,1.743836185168758,0.6702120900154114
43,1,32,0.11302641940908617,1.9860356553310854,0.6759377121925354
43,2,0,-0.3085761735182608,-1.2546057581202972,0.9989212155342102
43,2,1,-0.28421489666155597,-1.3276895886904114,0.9987764954566956
43,2,2,-0.26797404542375275,-1.335810014309313,0.9986847043037416
43,2,3,-0.2517331941859496,-1.335810014309313,0.998999834060669
43,2,4,-0.3085761735182608,-1.3276895886904114,0.9987542629241944
43,2,5,-0.31669659913716236,-1.3276895886904114,0.9985434412956238
43,2,6,-0.31669659913716236,-1.3276895886904114,0.9987604022026062
43,2,7,-0.16240851237803197,-1.335810014309313,0.9983502626419068
43,2,8,-0.26797404542375275,-1.3276895886904114,0.9981390237808228
43,2,9,-0.24361276856704797,-1.1977627787879859,0.9978649616241456
43,2,10,-0.26797404542375275,-1.1977627787879859,0.997930645942688
43,2,11,0.0487225537134096,-1.0028725639343474,0.9989133477211
43,2,12,-0.14616766114022878,-0.994752138315446,0.9990145564079284
43,2,13,-0.056842979332311194,-0.5318878780380547,0.613158643245697
43,2,14,-0.10556553304572079,-0.47504489870574357,0.5225946307182312
43,2,15,-0.29233532228045755,-0.9297887333642331,0.7020244598388672
43,2,16,-0.06496340495121279,-0.22331170451979399,0.5605723261833191
43,2,17,-0.37353957846947355,-1.0191134151721508,0.702763557434082
43,2,18,-0.16240851237803197,-0.2070708532819908,0.5607092380523682
43,2,19,-0.34917830161276875,-1.0515951176477571,0.699948251247406
43,2,20,-0.0974451074268192,-0.18270957642528599,0.5587364435195923
43,2,21,-0.31669659913716236,-1.0272338407910524,0.6884040832519531
43,2,22,-0.08120425618901599,-0.19083000204418757,0.5506221055984497
43,2,23,0.07308383057011439,-0.0040602128094507995,0.9967671036720276
43,2,24,-0.07308383057011439,0.0040602128094507995,0.9959999918937684
43,2,25,-0.0487225537134096,0.9541500102209379,0.6386645436286926
43,2,26,-0.11368595866462239,0.9379091589831348,0.6322412490844727
43,2,27,0.16240851237803197,1.7905538489678026,0.6631565093994141
43,2,28,0.1380472355213272,1.7499517208732946,0.6480557918548584
43,2,29,0.3085761735182608,1.944841935726933,0.6617832779884338
43,2,30,0.2760944710426544,1.904239807632425,0.6223370432853699
43,2,31,-0.12992680990242558,2.050407468772654,0.6974660158157349
43,2,32,-0.10556553304572079,2.0179257662970476,0.6830697059631348
44,1,0,-0.057871995250887265,-1.2690501815730277,0.999000072479248
44,1,1,-0.06613942314387115,-1.335189604716899,0.998870611190796
44,1,2,-0.06613942314387115,-1.335189604716899,0.998783528804779
44,1,3,-0.06613942314387115,-1.343457032609883,0.9990711212158204
44,1,4,-0.07440685103685506,-1.335189604716899,0.9988551735877992
44,1,5,-0.07440685103685506,-1.335189604716899,0.9986600279808044
44,1,6,-0.08267427892983895,-1.335189604716899,0.9988587498664856
44,1,7,-0.09094170682282283,-1.326922176823915,0.998463809490204
44,1,8,-0.09920913471580674,-1.3186547489309313,0.99829363822937
44,1,9,-0.01653485578596779,-1.2111781863221405,0.9980159997940063
44,1,10,-0.024802283678951684,-1.2111781863221405,0.9980883598327636
44,1,11,-0.10747656260879063,-0.9879576332115754,0.9989610314369202
44,1,12,-0.06613942314387115,-1.0044924889975433,0.9990994930267334
44,1,13,0.10747656260879063,-0.5415165269904451,0.5833129286766052
44,1,14,0.04133713946491947,-0.46710967595359004,0.5663642287254333
44,1,15,0.36376682729129134,-0.9300856379606881,0.6981416344642639
44,1,16,0.2893599762544363,-0.8391439311378653,0.6001115441322327
44,1,17,0.47951081779306587,-1.012759916890527,0.7021232843399048
44,1,18,0.37203425518427524,-0.9383530658536721,0.598585844039917
44,1,19,0.4629759620070981,-1.0375622005694787,0.698576033115387
44,1,20,0.3224296878263719,-0.9796902053185915,0.5961555242538452
44,1,21,0.39683653886322695,-1.012759916890527,0.6851747035980225
44,1,22,0.2893599762544363,-0.9548879216396399,0.5862665176391602
44,1,23,-0.06613942314387115,0.004133713946491947,0.9968947768211364
44,1,24,0.06613942314387115,-0.004133713946491947,0.996331512928009
44,1,25,-0.057871995250887265,0.7978067916729458,0.6195393204689026
44,1,26,0.04960456735790337,0.9218182100677043,0.6646645069122314
44,1,27,-0.1653485578596779,1.4343987394327058,0.6622022986412048
44,1,28,-0.1322788462877423,1.8147004225099648,0.6790806651115417
44,1,29,-0.24802283678951684,1.5501427299344803,0.6634044051170349
44,1,30,-0.2562902646825007,1.963514124583675,0.6514325737953186
44,1,31,0.008267427892983894,1.5088055904695608,0.6984816193580627
44,1,32,0.1322788462877423,2.046188403513514,0.7072799205780029
44,2,0,-0.30555031639751645,-1.267015311995035,0.9990956783294678
44,2,1,-0.2811062910857151,-1.3403473879304388,0.9989792108535768
44,2,2,-0.272958282648448,-1.3403473879304388,0.9989004731178284
44,2,3,-0.2566622657739138,-1.3403473879304388,0.999159812927246
44,2,4,-0.30555031639751645,-1.3403473879304388,0.9989639520645142
44,2,5,-0.31369832483478355,-1.3403473879304388,0.9987860321998596
44,2,6,-0.31369832483478355,-1.3403473879304388,0.998966634273529
44,2,7,-0.18333018983850988,-1.3321993794931717,0.9986124038696288
44,2,8,-0.272958282648448,-1.3240513710559045,0.998457133769989
44,2,9,-0.2485142573366467,-1.209979252934165,0.998203992843628
44,2,10,-0.272958282648448,-1.201831244496898,0.998267412185669
44,2,11,0.020370021093167764,-1.0062790420024874,0.9990601539611816
44,2,12,-0.14259014765217434,-0.9899830251279532,0.999141275882721
44,2,13,-0.0855540885913046,-0.5336945526409954,0.6243234276771545
44,2,14,-0.10999811390310592,-0.45221446826832434,0.5221397280693054
44,2,15,-0.30555031639751645,-0.9329469660670835,0.726285994052887
44,2,16,-0.10185010546583881,-0.10185010546583881,0.5606130361557007
44,2,17,-0.38703040077018747,-1.0225750588770217,0.7276447415351868
44,2,18,-0.13444213921490725,-0.03666603796770197,0.5619652271270752
44,2,19,-0.3544383670211191,-1.05516709262609,0.7241959571838379
44,2,20,-0.14259014765217434,-0.028518029530434866,0.5600413680076599
44,2,21,-0.32184633327205064,-1.0307230673142889,0.7110771536827087
44,2,22,-0.12629413077764012,-0.0692580717167704,0.5519309639930725
44,2,23,0.044814046404969075,-0.004074004218633552,0.9971494078636168
44,2,24,-0.044814046404969075,0.004074004218633552,0.9965737462043762
44,2,25,-0.03666603796770197,0.973687008253419,0.6528568863868713
44,2,26,-0.09370209702857171,0.9247989576298165,0.641349196434021
44,2,27,0.14259014765217434,1.7803398435428626,0.6893525719642639
44,2,28,0.12629413077764012,1.747747809793794,0.6630788445472717
44,2,29,0.29740230796024936,1.9270039954136704,0.6848002076148987
44,2,30,0.2566622657739138,1.902559970101869,0.6378889083862305
44,2,31,-0.16703417296397566,2.049224121972677,0.7212520241737366
44,2,32,-0.10999811390310592,1.9921880629118072,0.6993678212165833
45,1,0,0.0,-1.2647502361305492,0.999147891998291
45,1,1,-0.008133442032993885,-1.3298177723945004,0.999051868915558
45,1,2,0.0,-1.337951214427494,0.998969793319702
45,1,3,0.0,-1.337951214427494,0.9992161393165588
45,1,4,-0.03253376813197554,-1.3298177723945004,0.9990378618240356
45,1,5,-0.03253376813197554,-1.3298177723945004,0.9988681077957152
45,1,6,-0.04066721016496943,-1.3298177723945004,0.9990442395210266
45,1,7,-0.04066721016496943,-1.3216843303615065,0.9986839890480042
45,1,8,-0.07320097829694497,-1.3135508883285125,0.998591423034668
45,1,9,0.03253376813197554,-1.207816141899592,0.99834007024765
45,1,10,0.008133442032993885,-1.207816141899592,0.998409628868103
45,1,11,-0.06506753626395108,-0.9882132070087571,0.9990320205688475
45,1,12,-0.10573474642892051,-1.004480091074745,0.9992110729217528
45,1,13,0.09760130439592662,-0.5246070111281056,0.5762796401977539
45,1,14,0.10573474642892051,-0.5002066850291239,0.568371057510376
45,1,15,0.26840358708879825,-0.9150122287118121,0.6959695816040039
45,1,16,0.284670471154786,-0.8906119026128305,0.6020127534866333
45,1,17,0.3822717755507126,-1.0126135331077388,0.7011851072311401
45,1,18,0.37413833351771875,-0.9719463229427693,0.6012217998504639
45,1,19,0.3416045653857432,-1.0451473012397143,0.6974303126335144
45,1,20,0.32533768131975543,-1.0126135331077388,0.5989194512367249
45,1,21,0.284670471154786,-1.0126135331077388,0.6856498122215271
45,1,22,0.2928039131877799,-0.996346649041751,0.5895174145698547
45,1,23,-0.04880065219796331,0.004066721016496942,0.9971786737442015
45,1,24,0.04880065219796331,-0.004066721016496942,0.9966187477111816
45,1,25,-0.04066721016496943,0.8174109243158855,0.6138333678245544
45,1,26,0.04066721016496943,0.8824784605798366,0.6598281264305115
45,1,27,-0.18706916675885937,1.638888569648268,0.667762041091919
45,1,28,-0.1545353986268838,1.7608902001431763,0.6790176033973694
45,1,29,-0.2765370291217921,1.8747583886050907,0.6713429689407349
45,1,30,-0.25213670302281044,1.9072921567370662,0.6504559516906738
45,1,31,-0.03253376813197554,1.7364898740441945,0.7099063396453857
45,1,32,0.1708022826928716,1.9804931350340111,0.7115984559059143
45,2,0,-0.2554882332241745,-1.2855519036835448,0.999230146408081
45,2,1,-0.2392667580988301,-1.3504378041849225,0.9991444945335388
45,2,2,-0.23115602053615789,-1.3504378041849225,0.9990705847740172
45,2,3,-0.21493454541081347,-1.3585485417475947,0.9992925524711608
45,2,4,-0.2717097083495189,-1.3504378041849225,0.9991311430931092
45,2,5,-0.27982044591219113,-1.3504378041849225,0.998977541923523
45,2,6,-0.27982044591219113,-1.3504378041849225,0.9991366863250732
45,2,7,-0.15004864490943584,-1.3423270666222502,0.998813807964325
45,2,8,-0.2554882332241745,-1.334216329059578,0.9987279176712036
45,2,9,-0.21493454541081347,-1.2206660031821672,0.9985002279281616
45,2,10,-0.2473774956615023,-1.2206660031821672,0.9985597729682922
45,2,11,0.060830531720041554,-1.017897564115362,0.9991230964660645
45,2,12,-0.19871307028546906,-0.9773438763020009,0.999228537082672
45,2,13,-0.07705200684538596,-0.5393640479177018,0.6178356409072876
45,2,14,-0.14193790734676362,-0.4501459347283075,0.5334383845329285
45,2,15,-0.36092782153891323,-0.9124579758006233,0.7236865162849426
45,2,16,-0.19060233272279686,-0.588028473293735,0.575965404510498
45,2,17,-0.4501459347283075,-1.0016760889900176,0.7258908748626709
45,2,18,-0.29604192103753557,-0.4825888849789963,0.5780030488967896
45,2,19,-0.4258137220402909,-1.0422297768033786,0.7223000526428223
45,2,20,-0.2717097083495189,-0.588028473293735,0.5751652717590332
45,2,21,-0.4014815093522742,-1.017897564115362,0.7102921009063721
45,2,22,-0.2473774956615023,-0.5961392108564072,0.5665132403373718
45,2,23,0.07705200684538596,-0.004055368781336104,0.9973982572555542
45,2,24,-0.07705200684538596,0.004055368781336104,0.9968039989471436
45,2,25,-0.08516274440805817,0.9205687133632955,0.6476792693138123
45,2,26,-0.07705200684538596,0.904347238237951,0.6421447396278381
45,2,27,0.13382716978409143,1.7803068950065495,0.6945168972015381
45,2,28,0.117605694658747,1.6829780442544828,0.6622216701507568
45,2,29,0.28793118347486335,1.9425216462599935,0.6930980086326599
45,2,30,0.2717097083495189,1.837082057945255,0.6334233283996582
45,2,31,-0.15004864490943584,2.031739759449388,0.7308816313743591
45,2,32,-0.03649831903202493,1.9344109086973214,0.6973584294319153
46,1,0,0.05268860874920065,-1.2807384895959542,0.9990296959877014
46,1,1,0.028370789326492656,-1.345586008056509,0.9989526271820068
46,1,2,0.03647672913406199,-1.353691947864078,0.99880850315094
46,1,3,0.04458266894163132,-1.353691947864078,0.9991202354431152
46,1,4,0.004052969903784665,-1.345586008056509,0.9989577531814576
46,1,5,-0.004052969903784665,-1.353691947864078,0.9987615942955016
46,1,6,-0.020264849518923326,-1.353691947864078,0.9990097880363464
46,1,7,0.012158909711353996,-1.3374800682489396,0.9983534216880798
46,1,8,-0.06079454855676998,-1.3293741284413703,0.9986067414283752
46,1,9,0.06079454855676998,-1.2158909711353996,0.9982815384864808
46,1,10,0.03647672913406199,-1.223996910942969,0.998403251171112
46,1,11,-0.020264849518923326,-0.9889246565234583,0.9987748265266418
46,1,12,-0.13374800682489396,-1.0051365361385969,0.9992538690567015
46,1,13,0.13374800682489396,-0.5106742078768678,0.5615728497505188
46,1,14,0.0932183077870473,-0.5268860874920065,0.5776482224464417
46,1,15,0.21480740490058725,-0.7700642817190864,0.6697702407836914
46,1,16,0.27154898355357254,-0.956500897293181,0.6147644519805908
46,1,17,0.33639650201412724,-0.9402890176780423,0.6766799688339233
46,1,18,0.3526083816292659,-1.029454355561305,0.6145846843719482
46,1,19,0.29586680297628054,-1.029454355561305,0.6735387444496155
46,1,20,0.31207868259141924,-1.0699840545991517,0.6113842725753784
46,1,21,0.24723116413086457,-0.932183077870473,0.6625163555145264
46,1,22,0.2796549233611419,-1.053772174984013,0.6005722284317017
46,1,23,0.012158909711353996,0.0,0.9969124794006348
46,1,24,-0.012158909711353996,0.0,0.9964034557342528
46,1,25,0.028370789326492656,0.8024880409493638,0.606903076171875
46,1,26,0.0689004883643393,0.8673355594099184,0.6538533568382263
46,1,27,-0.1499598864400326,1.645505780936574,0.6644066572189331
46,1,28,-0.10943018740218596,1.7022473595895593,0.6703246235847473
46,1,29,-0.24723116413086457,1.840048336318238,0.6705226898193359
46,1,30,-0.22291334470815657,1.864366155740946,0.6402903199195862
46,1,31,0.04458266894163132,1.7589889382425448,0.7100582122802734
46,1,32,0.21480740490058725,1.913001794586362,0.7018290162086487
46,2,0,-0.20870242219707907,-1.276295581897522,0.9991216659545898
46,2,1,-0.22475645467377744,-1.3405117118043155,0.9990538954734802
46,2,2,-0.20870242219707907,-1.3485387280426646,0.9989240765571594
46,2,3,-0.18462137348203148,-1.3485387280426646,0.9992051720619202
46,2,4,-0.2568645196271742,-1.3405117118043155,0.9990575909614564
46,2,5,-0.26489153586552344,-1.3405117118043155,0.9988799095153807
46,2,6,-0.2729185521038726,-1.3405117118043155,0.9991040825843812
46,2,7,-0.1364592760519363,-1.3405117118043155,0.9985158443450928
46,2,8,-0.2809455683422218,-1.324457679327617,0.9987400770187378
46,2,9,-0.19264838972038067,-1.2120794519907283,0.9984466433525084
46,2,10,-0.22475645467377744,-1.2120794519907283,0.998551607131958
46,2,11,0.03210806495339678,-1.0114040460319986,0.998891830444336
46,2,12,-0.22475645467377744,-0.9792959810786017,0.99925035238266
46,2,13,-0.024081048715047584,-0.5137290392543484,0.6043498516082764
46,2,14,-0.1364592760519363,-0.47359395806260246,0.5407270193099976
46,2,15,-0.3210806495339678,-0.7465125101664751,0.6995490193367004
46,2,16,-0.26489153586552344,-0.7304584776897767,0.5903398990631104
46,2,17,-0.4093778281558089,-0.8187556563116178,0.7030835151672363
46,2,18,-0.3772697632024121,-0.7625665426431735,0.5923272371292114
46,2,19,-0.38529677944076135,-0.8829717862184114,0.6998994946479797
46,2,20,-0.329107665772317,-0.8187556563116178,0.5877609848976135
46,2,21,-0.36924274696406295,-0.8508637212650146,0.6885621547698975
46,2,22,-0.3050266170572694,-0.8187556563116178,0.5773773789405823
46,2,23,0.07224314614514275,0.0,0.9971482157707214
46,2,24,-0.07224314614514275,0.0,0.996532142162323
46,2,25,-0.08027016238349195,0.8749447699800622,0.6442432403564453
46,2,26,-0.040135081191745976,0.8508637212650146,0.6345823407173157
46,2,27,0.10435121109853954,1.7498895399601244,0.6914734840393066
46,2,28,0.11237822733688872,1.6134302639081881,0.6481102108955383
46,2,29,0.23278347091212664,1.9024028484887592,0.6958260536193848
46,2,30,0.20870242219707907,1.7258084912450768,0.6306642293930054
46,2,31,-0.1605403247669839,2.0147810758256477,0.7291572093963623
46,2,32,-0.008027016238349194,1.806078653628569,0.6809998750686646
47,1,0,0.01990626313736042,-1.2660383355361227,0.9990708827972412
47,1,1,-0.027868768392304587,-1.33770088283062,0.998966097831726
47,1,2,-0.01990626313736042,-1.33770088283062,0.9988232851028442
47,1,3,-0.01990626313736042,-1.3456633880855642,0.999140202999115
47,1,4,-0.04379377890219292,-1.33770088283062,0.9989893436431884
47,1,5,-0.05175628415713709,-1.33770088283062,0.9988062977790833
47,1,6,-0.06768129466702542,-1.33770088283062,0.9990286827087402
47,1,7,-0.03583127364724875,-1.329738377575676,0.9983459711074828
47,1,8,-0.11545632619669043,-1.3138133670657877,0.9985690116882324
47,1,9,0.01990626313736042,-1.2023382934965692,0.9982455372810364
47,1,10,0.003981252627472084,-1.2103007987515135,0.9982919096946716
47,1,11,-0.0995313156868021,-0.9873506516130768,0.9988693594932556
47,1,12,-0.16323135772635544,-0.9953131568680209,0.9992509484291076
47,1,13,0.05175628415713709,-0.4697878100417059,0.567807137966156
47,1,14,-0.01194375788241625,-0.4857128205515942,0.5842634439468384
47,1,15,0.32248146282523876,-0.2548001681582134,0.6691262722015381
47,1,16,0.16323135772635544,-0.9475381253383559,0.6288763880729675
47,1,17,0.45784405215928964,-0.2149876418834925,0.6722001433372498
47,1,18,0.25081891553074126,-1.05105069365263,0.6294099688529968
47,1,19,0.47376906266917795,-0.23091265239338085,0.6705102324485779
47,1,20,0.2189688945109646,-1.0829007146724068,0.6249907612800598
47,1,21,0.42599403113951295,-0.238875157648325,0.658750057220459
47,1,22,0.18711887349118794,-1.05105069365263,0.6135331392288208
47,1,23,-0.01990626313736042,0.0,0.9969919919967652
47,1,24,0.01990626313736042,0.0,0.9964587688446044
47,1,25,-0.0756437999219696,0.8042130307493609,0.6287657022476196
47,1,26,0.11545632619669043,0.8440255570240818,0.6556820273399353
47,1,27,-0.25081891553074126,1.664163598283331,0.6795223355293274
47,1,28,-0.1473063472164671,1.6562010930283868,0.6710624098777771
47,1,29,-0.36229398909995963,1.8234137033822142,0.6851292848587036
47,1,30,-0.26674392604062963,1.7915636823624377,0.6521830558776855
47,1,31,-0.027868768392304587,1.759713661342661,0.7210689783096313
47,1,32,0.1473063472164671,1.81545119812727,0.700269341468811
47,2,0,-0.20985368012313077,-1.2591220807387846,0.9991607666015624
47,2,1,-0.20985368012313077,-1.330393141912678,0.9990668296813964
47,2,2,-0.2019346733260315,-1.330393141912678,0.9989381432533264
47,2,3,-0.1940156665289322,-1.3383121487097773,0.9992236495018004
47,2,4,-0.24152970731152787,-1.330393141912678,0.999086856842041
47,2,5,-0.24944871410862712,-1.330393141912678,0.9989213943481444
47,2,6,-0.2573677209057264,-1.330393141912678,0.9991220235824584
47,2,7,-0.1623396393405351,-1.3383121487097773,0.9985082745552064
47,2,8,-0.27320573449992497,-1.3145551283184795,0.9987086653709412
47,2,9,-0.1702586461376344,-1.2036890331590897,0.998417854309082
47,2,10,-0.2019346733260315,-1.2036890331590897,0.9984570741653442
47,2,11,0.027716523789847458,-1.0294708836229056,0.9989800453186036
47,2,12,-0.24944871410862712,-0.9581998224490121,0.9993003606796264
47,2,13,0.0752305645724431,-0.5068164350143536,0.6106009483337402
47,2,14,-0.14650162574633657,-0.4672214010288572,0.5614626407623291
47,2,15,-0.24152970731152787,-0.38011232626076513,0.7015528082847595
47,2,16,-0.3128007684854213,-0.19797516992748185,0.6276983022689819
47,2,17,-0.36031480926801696,-0.47514040782595646,0.7036281824111938
47,2,18,-0.41574785684771187,-0.09502808156519128,0.6270700097084045
47,2,19,-0.3523958024709177,-0.4513833874346586,0.7019361853599548
47,2,20,-0.43158587044191044,-0.11878510195648911,0.623388409614563
47,2,21,-0.3128007684854213,-0.3880313330578644,0.6907281279563904
47,2,22,-0.36823381606511624,-0.13462311555068765,0.6120470762252808
47,2,23,0.08314957136954237,0.0,0.9972544312477112
47,2,24,-0.08314957136954237,0.0,0.9966580867767334
47,2,25,-0.130663612152138,0.8552527340867216,0.6648228168487549
47,2,26,-0.05939255097824456,0.8314957136954237,0.6465756297111511
47,2,27,0.05939255097824456,1.734262488564741,0.7067580223083496
47,2,28,0.130663612152138,1.504611291448862,0.6596463322639465
47,2,29,0.1702586461376344,1.8688856041154287,0.7105355262756348
47,2,30,0.1702586461376344,1.5917203662169541,0.6535049080848694
47,2,31,-0.1940156665289322,1.9639136856806199,0.7407350540161133
47,2,32,0.027716523789847458,1.6709104341879468,0.6908979415893555
48,1,0,-0.03544708412408591,-1.2327708145376544,0.9990295171737672
48,1,1,-0.05907847354014318,-1.3036649827858262,0.9988636374473572
48,1,2,-0.05120134373479076,-1.3036649827858262,0.998735010623932
48,1,3,-0.05120134373479076,-1.3115421125911786,0.999062478542328
48,1,4,-0.08270986295620046,-1.3036649827858262,0.9989080429077148
48,1,5,-0.0984641225669053,-1.3036649827858262,0.9987480044364928
48,1,6,-0.10634125237225774,-1.3115421125911786,0.9989265203475952
48,1,7,-0.05907847354014318,-1.3115421125911786,0.9982746243476868
48,1,8,-0.1614811610097247,-1.2879107231751215,0.9983714818954468
48,1,9,-0.011815694708028637,-1.1855080357055399,0.997930109500885
48,1,10,-0.04332421392943833,-1.1933851655108922,0.9978219270706176
48,1,11,-0.027569954318733485,-0.9885797905717293,0.9989209175109864
48,1,12,-0.21662106964719166,-0.9964569203770817,0.9992905855178832
48,1,13,0.14572690139901986,-0.42930357439170713,0.5891594886779785
48,1,14,-0.08270986295620046,-0.5080748724452314,0.6043478846549988
48,1,15,0.39779505517029745,-0.2560067186739538,0.6919143795967102
48,1,16,0.12209551198296258,-0.8782999732967953,0.6640422344207764
48,1,17,0.46868922341846925,-0.2244981994525441,0.6905272603034973
48,1,18,0.20086681003648682,-0.9885797905717293,0.6627168655395508
48,1,19,0.4765663532238217,-0.24025245906324894,0.6904140114784241
48,1,20,0.17723542062042955,-1.0122111799877864,0.6592459082603455
48,1,21,0.43718070419705957,-0.24812958886860137,0.6783143877983093
48,1,22,0.15360403120437227,-0.9807026607663768,0.6480835676193237
48,1,23,0.04332421392943833,0.011815694708028637,0.9972392916679382
48,1,24,-0.04332421392943833,-0.011815694708028637,0.9967381954193116
48,1,25,-0.03544708412408591,0.7995286752432711,0.6515580415725708
48,1,26,0.03544708412408591,0.8231600646593283,0.6692350506782532
48,1,27,-0.26388384847930624,1.6187501749999231,0.6878631114959717
48,1,28,-0.17723542062042955,1.6029959153892184,0.6789121031761169
48,1,29,-0.3505322763381829,1.7684156413016192,0.6971432566642761
48,1,30,-0.30326949750606835,1.729029992274857,0.668308436870575
48,1,31,-0.08270986295620046,1.744784251885562,0.7300931215286255
48,1,32,0.11421838217761016,1.7211528624695047,0.7066152095794678
48,2,0,-0.2991737148473765,-1.2532952919281988,0.9991186857223512
48,2,1,-0.28300216269346423,-1.33415305269776,0.998969793319702
48,2,2,-0.266830610539552,-1.3422388287747162,0.9988537430763244
48,2,3,-0.2506590583856398,-1.3422388287747162,0.9991493821144104
48,2,4,-0.30725949092433263,-1.326067276620804,0.9990069270133972
48,2,5,-0.30725949092433263,-1.33415305269776,0.9988613128662108
48,2,6,-0.31534526700128873,-1.33415305269776,0.9990230202674866
48,2,7,-0.2183159540778153,-1.3503246048516724,0.9984387755393982
48,2,8,-0.31534526700128873,-1.326067276620804,0.99852454662323
48,2,9,-0.24257328230868364,-1.204780635466462,0.9981285929679872
48,2,10,-0.27491638661650813,-1.204780635466462,0.998022735118866
48,2,11,0.0,-1.0268935617734274,0.999026358127594
48,2,12,-0.27491638661650813,-0.9541215770808223,0.9993200898170472
48,2,13,0.12128664115434182,-0.5174896689251918,0.6300216913223267
48,2,14,-0.1940586258469469,-0.5094038928482356,0.585155189037323
48,2,15,-0.22640173015477139,-0.5013181167712796,0.7223838567733765
48,2,16,-0.4204603560017183,-0.38003147561693773,0.664982259273529
48,2,17,-0.3638599234630255,-0.4123745799247622,0.7207117676734924
48,2,18,-0.4770607885404112,-0.3396025952321571,0.6631470322608948
48,2,19,-0.3638599234630255,-0.533661221079104,0.7205139994621277
48,2,20,-0.5174896689251918,-0.3638599234630255,0.6606686115264893
48,2,21,-0.331516819155201,-0.5660043253869285,0.7091787457466125
48,2,22,-0.4608892363864989,-0.4123745799247622,0.649153470993042
48,2,23,0.08085776076956121,0.008085776076956121,0.997428834438324
48,2,24,-0.08085776076956121,-0.008085776076956121,0.9967525601387024
48,2,25,-0.10511508900042958,0.8247491598495243,0.6840461492538452
48,2,26,-0.09702931292347346,0.8247491598495243,0.6453460454940796
48,2,27,0.08085776076956121,1.7060987522377415,0.7117030620574951
48,2,28,0.10511508900042958,1.5928978871603559,0.6540551781654358
48,2,29,0.20214440192390304,1.859728497699908,0.7206215262413025
48,2,30,0.20214440192390304,1.6980129761607854,0.6568818092346191
48,2,31,-0.2344875062317275,1.8839858259307762,0.7473142147064209
48,2,32,-0.04851465646173673,1.6980129761607854,0.6889111995697021
49,1,0,-0.007953748219570749,-1.2487384704726074,0.9989110827445984
49,1,1,-0.03976874109785374,-1.3203222044487442,0.9986968636512756
49,1,2,-0.03976874109785374,-1.3203222044487442,0.9985660910606384
49,1,3,-0.031814992878282995,-1.328275952668315,0.9989244937896729
49,1,4,-0.06362998575656599,-1.3203222044487442,0.9987415671348572
49,1,5,-0.07158373397613674,-1.3203222044487442,0.9985701441764832
49,1,6,-0.08749123041527823,-1.328275952668315,0.998741090297699
49,1,7,-0.06362998575656599,-1.328275952668315,0.9980785250663756
49,1,8,-0.14316746795227347,-1.3123684562291735,0.99809730052948
49,1,9,0.007953748219570749,-1.1930622329356122,0.9976433515548706
49,1,10,-0.023861244658712245,-1.201015981155183,0.9974887371063232
49,1,11,0.023861244658712245,-0.9862647792267728,0.9989492297172546
49,1,12,-0.23861244658712247,-1.0021722756659144,0.9993230104446412
49,1,13,0.17498246083055646,-0.4454099002959619,0.5933452248573303
49,1,14,-0.09544497863484898,-0.5090398860525279,0.6258089542388916
49,1,15,0.3738261663198252,-0.3022424323436884,0.7026634216308594
49,1,16,0.11135247507399047,-0.8749123041527823,0.697695791721344
49,1,17,0.4613173967351034,-0.25451994302626396,0.7010977864265442
49,1,18,0.20679745370883945,-0.9942185274463435,0.6954104900360107
49,1,19,0.46927114495467415,-0.27042743946540543,0.7021626234054565
49,1,20,0.18293620905012722,-1.0260335203246265,0.6930694580078125
49,1,21,0.4215486556372497,-0.28633493590454695,0.6895157098770142
49,1,22,0.1511212161718442,-0.9862647792267728,0.6818402409553528
49,1,23,0.07953748219570748,0.007953748219570749,0.9972144961357116
49,1,24,-0.07953748219570748,-0.007953748219570749,0.9966601133346558
49,1,25,-0.031814992878282995,0.7874210737375041,0.6624326109886169
49,1,26,0.007953748219570749,0.8112823183962163,0.6630954742431641
49,1,27,-0.27042743946540543,1.5987033921337204,0.6892351508140564
49,1,28,-0.15907496439141497,1.646425881451145,0.6699646711349487
49,1,29,-0.35791866988068366,1.765732104744706,0.7030748128890991
49,1,30,-0.27042743946540543,1.765732104744706,0.6697130799293518
49,1,31,-0.07953748219570748,1.7259633636468523,0.7318555116653442
49,1,32,0.11135247507399047,1.7021021189881402,0.701536238193512
49,2,0,-0.31789106573418374,-1.2756397894205067,0.9990137219429016
49,2,1,-0.29343790683155424,-1.3571503190959384,0.9988198280334472
49,2,2,-0.2771358008964679,-1.3653013720634815,0.9987022280693054
49,2,3,-0.26083369496138153,-1.3653013720634815,0.9990248680114746
49,2,4,-0.31789106573418374,-1.3489992661283952,0.9988584518432616
49,2,5,-0.31789106573418374,-1.3571503190959384,0.998703956604004
49,2,6,-0.31789106573418374,-1.3571503190959384,0.9988583326339722
49,2,7,-0.22007843012366568,-1.3653013720634815,0.9982595443725586
49,2,8,-0.3097400127666406,-1.3489992661283952,0.998280704021454
49,2,9,-0.26898474792892474,-1.2267334716152476,0.9978713393211364
49,2,10,-0.29343790683155424,-1.2185824186477043,0.9977274537086488
49,2,11,0.0,-1.0392592533617546,0.999051868915558
49,2,12,-0.2771358008964679,-0.9414466177512365,0.9993669390678406
49,2,13,0.1222657945131476,-0.5338939693740778,0.6338117122650146
49,2,14,-0.26083369496138153,-0.4034771218933871,0.6132851243019104
49,2,15,-0.2526826419938384,-0.5828002871793369,0.7321577668190002
49,2,16,-0.44830791321487456,-0.17524763880217822,0.6990915536880493
49,2,17,-0.38309948947452915,-0.5664981812442506,0.7304190397262573
49,2,18,-0.5542716017929358,-0.0611328972565738,0.6934071779251099
49,2,19,-0.3912505424420723,-0.6398576579521391,0.7312901616096497
49,2,20,-0.5705737077280222,-0.052981844289030626,0.6916930079460144
49,2,21,-0.35049527760435645,-0.6561597638872254,0.719549834728241
49,2,22,-0.5298184428903063,-0.06928395022411697,0.6805213093757629
49,2,23,0.07335947670788856,-0.0040755264837715865,0.9974089860916138
49,2,24,-0.07335947670788856,0.0040755264837715865,0.9967457056045532
49,2,25,-0.16302105935086347,0.8273318762056321,0.6952401995658875
49,2,26,-0.04890631780525904,0.8273318762056321,0.6451291441917419
49,2,27,0.06520842374034538,1.6994945437327518,0.7147933840751648
49,2,28,0.1222657945131476,1.5853798021871472,0.651592493057251
49,2,29,0.20377632418857933,1.8625156030836152,0.7277779579162598
49,2,30,0.22822948309120886,1.7076455967002948,0.6641488075256348
49,2,31,-0.23638053605875203,1.8788177090187015,0.749889075756073
49,2,32,-0.04890631780525904,1.715796649667838,0.6885760426521301
50,1,0,0.020155719954837926,-1.273841501145757,0.9986504912376404
50,1,1,-0.012093431972902755,-1.3464020929831735,0.9983493089675904
50,1,2,-0.012093431972902755,-1.3544643809651087,0.9982345104217528
50,1,3,-0.012093431972902755,-1.3544643809651087,0.998639702796936
50,1,4,-0.028218007936773096,-1.3464020929831735,0.9984409809112548
50,1,5,-0.04434258390064343,-1.3464020929831735,0.9982407093048096
50,1,6,-0.052404871882578606,-1.3544643809651087,0.9984180331230164
50,1,7,-0.04434258390064343,-1.3544643809651087,0.997538447380066
50,1,8,-0.11690317573805997,-1.3383398050012383,0.9976333379745485
50,1,9,0.028218007936773096,-1.2174054852722107,0.997073769569397
50,1,10,0.012093431972902755,-1.2174054852722107,0.9970426559448242
50,1,11,0.004031143990967585,-1.0158482857238313,0.9988754391670228
50,1,12,-0.1894637675754765,-0.9755368458141556,0.9993594884872437
50,1,13,0.13302775170193032,-0.4917995668980454,0.5918477177619934
50,1,14,-0.11690317573805997,-0.427301263042564,0.6510831117630005
50,1,15,0.36683410317805026,-0.39505211111482336,0.7110376358032227
50,1,16,0.1572146156477358,-0.8384779501212577,0.728172779083252
50,1,17,0.4313324070335316,-0.35474067120514746,0.7129506468772888
50,1,18,0.23783749546708752,-0.9674745578322204,0.7222546935081482
50,1,19,0.42327011905159645,-0.41923897506062885,0.7141266465187073
50,1,20,0.20558834353934682,-0.999723709759961,0.7205145955085754
50,1,21,0.3990832551057909,-0.378927535150953,0.7003880143165588
50,1,22,0.17333919161160616,-0.9594122698502853,0.7092093825340271
50,1,23,0.020155719954837926,0.0,0.9965434074401855
50,1,24,-0.020155719954837926,0.0,0.9962533712387084
50,1,25,-0.04434258390064343,0.7981665102115818,0.6732326745986938
50,1,26,0.10077859977418963,0.8465402381031929,0.672838032245636
50,1,27,-0.25396207143095784,1.5882707324412284,0.6997589468955994
50,1,28,-0.14915232766580064,1.6688936122605802,0.6770037412643433
50,1,29,-0.3426472392322447,1.7253296281341264,0.7183588147163391
50,1,30,-0.26202435941289304,1.7737033560257374,0.6845128536224365
50,1,31,-0.09271631179225445,1.7656410680438022,0.7390791177749634
50,1,32,0.13302775170193032,1.7817656440076726,0.7075237035751343
50,2,0,-0.34716779474341564,-1.2929007528375478,0.9987395405769348
50,2,1,-0.3312060570540632,-1.3727094412843102,0.9984633922576904
50,2,2,-0.31524431936471076,-1.3727094412843102,0.9983582496643066
50,2,3,-0.3072634505200345,-1.3806903101289862,0.998729646205902
50,2,4,-0.34716779474341564,-1.3647285724396339,0.9985370635986328
50,2,5,-0.34716779474341564,-1.3647285724396339,0.9983457326889038
50,2,6,-0.34716779474341564,-1.3727094412843102,0.998506247997284
50,2,7,-0.23543563091794853,-1.3806903101289862,0.997739851474762
50,2,8,-0.2992825816753583,-1.3647285724396339,0.997800886631012
50,2,9,-0.2992825816753583,-1.2370346709248143,0.9973307251930236
50,2,10,-0.32322518820938695,-1.229053802080138,0.9972553253173828
50,2,11,-0.003990434422338111,-1.0375129498079088,0.99897700548172
50,2,12,-0.2833208439860059,-0.9417425236717941,0.99929678440094
50,2,13,0.19553128669456743,-0.5347182125933069,0.63251131772995
50,2,14,-0.2593782374519772,-0.42298604876783974,0.6049861311912537
50,2,15,-0.26735910629665344,-0.5267373437486306,0.7396355271339417
50,2,16,-0.4588999585688827,-0.31923475378704885,0.6927283406257629
50,2,17,-0.4030338766561492,-0.5586608191273356,0.7408756613731384
50,2,18,-0.5546703847049974,-0.23144519649561043,0.6876413822174072
50,2,19,-0.4110147455008254,-0.6624121141081264,0.741834282875061
50,2,20,-0.5546703847049974,-0.287311278408344,0.6864460110664368
50,2,21,-0.3711104012774443,-0.6464503764187739,0.7288723587989807
50,2,22,-0.50678517163694,-0.31125388494237266,0.6761157512664795
50,2,23,0.08379912286910032,-0.007980868844676222,0.996200680732727
50,2,24,-0.08379912286910032,0.007980868844676222,0.9955800771713256
50,2,25,-0.17158868016053877,0.7901060156229459,0.7027243375778198
50,2,26,-0.05985651633507166,0.7980868844676221,0.6463122963905334
50,2,27,0.0758182540244241,1.5403076870225108,0.7179964780807495
50,2,28,0.107741729403129,1.5323268181778344,0.6597651839256287
50,2,29,0.179569549005215,1.6839633262266827,0.7392256855964661
50,2,30,0.21149302438391987,1.6600207196926542,0.6814499497413635
50,2,31,-0.2194738932285961,1.723867670450064,0.7493886947631836
50,2,32,-0.11572259824780522,1.6839633262266827,0.69036465883255
51,1,0,0.03669772437217825,-1.3333506521891432,0.9987885355949402
51,1,1,0.020387624651210138,-1.4067461009334996,0.9985343217849731
51,1,2,0.028542674511694194,-1.4067461009334996,0.9984279274940492
51,1,3,0.028542674511694194,-1.4067461009334996,0.9987894296646118
51,1,4,-0.004077524930242027,-1.3985910510730155,0.9985952973365784
51,1,5,-0.020387624651210138,-1.4067461009334996,0.9984086155891418
51,1,6,-0.03669772437217825,-1.4067461009334996,0.9985733032226562
51,1,7,0.044852774232662304,-1.4149011507939837,0.9978379011154176
51,1,8,-0.044852774232662304,-1.3985910510730155,0.9979468584060668
51,1,9,0.03669772437217825,-1.2762653031657547,0.997510313987732
51,1,10,0.004077524930242027,-1.2762653031657547,0.9974605441093444
51,1,11,0.08562802353508259,-1.015303707630265,0.9990395307540894
51,1,12,-0.1753335720004072,-0.9826835081883287,0.9993568658828736
51,1,13,0.29765931990766803,-0.45260526725686506,0.593192458152771
51,1,14,-0.07747297367459853,-0.436295167535897,0.6439690589904785
51,1,15,0.25688407060524776,-0.46076031711734916,0.7151758074760437
51,1,16,0.22426387116331153,-0.8358926106996157,0.722633957862854
51,1,17,0.2813492201866999,-0.3710547686520245,0.7157309055328369
51,1,18,0.33027951934960426,-0.9500633087463924,0.7170714735984802
51,1,19,0.27319417032621585,-0.46076031711734916,0.7167668342590332
51,1,20,0.289504270047184,-0.9908385580488127,0.7157682180404663
51,1,21,0.2487290207447637,-0.4852254666988013,0.7030013799667358
51,1,22,0.25688407060524776,-0.9582183586068765,0.7050013542175293
51,1,23,0.1019381232560507,-0.004077524930242027,0.9964349269866944
51,1,24,-0.1019381232560507,0.004077524930242027,0.9958307147026062
51,1,25,0.16717852213992315,0.7788072616762273,0.6740880012512207
51,1,26,0.12640327283750286,0.8277375608391316,0.6694021224975586
51,1,27,-0.18348862186089124,1.5127617491197922,0.6999433040618896
51,1,28,-0.20795377144234342,1.5290718488407604,0.6780371069908142
51,1,29,-0.289504270047184,1.6269324471665692,0.722370445728302
51,1,30,-0.23241892102379558,1.6758627463294735,0.6891515254974365
51,1,31,-0.004077524930242027,1.6595526466085053,0.7418367862701416
51,1,32,0.08562802353508259,1.7084829457714097,0.7083439230918884
51,2,0,-0.44371488226119793,-1.275680286500944,0.9988794326782228
51,2,1,-0.4199444421400623,-1.3469916068643508,0.9986485838890076
51,2,2,-0.4120209620996838,-1.3549150869047295,0.998553454875946
51,2,3,-0.3961740020189267,-1.3549150869047295,0.9988829493522644
51,2,4,-0.44371488226119793,-1.3469916068643508,0.998695969581604
51,2,5,-0.44371488226119793,-1.3469916068643508,0.998523771762848
51,2,6,-0.44371488226119793,-1.3469916068643508,0.998673379421234
51,2,7,-0.3169392016151414,-1.362838566945108,0.9980291128158568
51,2,8,-0.3882505219785482,-1.3390681268239724,0.998100996017456
51,2,9,-0.3882505219785482,-1.2202159262182943,0.9977238774299622
51,2,10,-0.4040974820593053,-1.2122924461779159,0.9976133108139038
51,2,11,-0.12677568064605654,-1.0062819651280739,0.9991328120231628
51,2,12,-0.28524528145362726,-0.9508176048454242,0.9992513060569764
51,2,13,0.16639308084794924,-0.5071027225842262,0.633681058883667
51,2,14,-0.30901572157476287,-0.4278679221804409,0.5969305038452148
51,2,15,-0.340709641736277,-0.5071027225842262,0.7431947588920593
51,2,16,-0.340709641736277,-0.5308731627053618,0.6746805310249329
51,2,17,-0.4754088024227121,-0.5467201227861189,0.7429100275039673
51,2,18,-0.4199444421400623,-0.578414042947633,0.6688201427459717
51,2,19,-0.46748532238233353,-0.6576488433514184,0.7436760067939758
51,2,20,-0.44371488226119793,-0.6497253633110398,0.6663208603858948
51,2,21,-0.4357914022208194,-0.6418018832706613,0.7302384376525879
51,2,22,-0.4199444421400623,-0.6497253633110398,0.6562780141830444
51,2,23,0.031693920161514136,-0.007923480040378534,0.996523141860962
51,2,24,-0.031693920161514136,0.007923480040378534,0.9955973625183104
51,2,25,-0.1822400409287063,0.7131132036340682,0.7032437324523926
51,2,26,-0.19016352096908484,0.681419283472554,0.6477386951446533
51,2,27,-0.04754088024227121,1.449996847389272,0.723892867565155
51,2,28,-0.05546436028264974,1.362838566945108,0.6590802669525146
51,2,29,0.07923480040378535,1.5846960080757069,0.7448768019676208
51,2,30,0.07131132036340682,1.5213081677526787,0.6844732165336609
51,2,31,-0.2535513612921131,1.6401603683583568,0.7593388557434082
51,2,32,-0.19808700100946336,1.5926194881160856,0.6898698806762695
52,1,0,0.1207722672398032,-1.337785114040897,0.9984637498855592
52,1,1,0.07432139522449427,-1.4306868580715146,0.9981279373168944
52,1,2,0.07432139522449427,-1.4306868580715146,0.9980581402778624
52,1,3,0.07432139522449427,-1.4399770324745764,0.9984797239303588
52,1,4,0.04645087201530892,-1.4213966836684528,0.998217225074768
52,1,5,0.02787052320918535,-1.4213966836684528,0.9979007840156556
52,1,6,0.009290174403061784,-1.4213966836684528,0.9981856346130372
52,1,7,-0.018580348806123567,-1.4399770324745764,0.9974763989448548
52,1,8,-0.09290174403061784,-1.412106509265391,0.997631311416626
52,1,9,0.13006244164286498,-1.2727538932194644,0.9970238208770752
52,1,10,0.09290174403061784,-1.2727538932194644,0.9973087906837464
52,1,11,0.06503122082143249,-1.031209358739858,0.9991515874862672
52,1,12,-0.16722313925511212,-0.9661781379184256,0.9993063807487488
52,1,13,0.18580348806123567,-0.4830890689592128,0.5894767045974731
52,1,14,-0.10219191843367963,-0.34373645291328603,0.6352903246879578
52,1,15,0.30657575530103887,-0.6874729058265721,0.7119787931442261
52,1,16,0.2972855808979771,-0.7339237778418809,0.7046484351158142
52,1,17,0.4552185457500274,-0.6317318594082013,0.7152239084243774
52,1,18,0.4273480225408421,-0.8546960450816842,0.697758674621582
52,1,19,0.4366381969439038,-0.7153434290357573,0.7153064608573914
52,1,20,0.38089715052553313,-0.9197272659031166,0.6953272819519043
52,1,21,0.3994774993316567,-0.6874729058265721,0.7016768455505371
52,1,22,0.33444627851022424,-0.8918567426939312,0.6838600635528564
52,1,23,0.08361156962755606,-0.018580348806123567,0.9952585697174072
52,1,24,-0.08361156962755606,0.018580348806123567,0.9951392412185668
52,1,25,0.35302662731634776,0.4552185457500274,0.6422575116157532
52,1,26,0.30657575530103887,0.6038613361990159,0.6530840396881104
52,1,27,0.26941505768879176,0.947597789112302,0.6564825177192688
52,1,28,0.018580348806123567,1.337785114040897,0.6263421177864075
52,1,29,0.2415445344796064,1.0219191843367963,0.6780228614807129
52,1,30,-0.1114820928367414,1.4492672068776382,0.6535859704017639
52,1,31,0.31586592970410066,1.077660230755167,0.6910632848739624
52,1,32,0.1207722672398032,1.551459125311318,0.6624000668525696
52,2,0,-0.45986647273329107,-1.2690545930236015,0.9986138939857484
52,2,1,-0.45102288671918933,-1.3574904531646188,0.9983109831809998
52,2,2,-0.43333571469098586,-1.3663340391787206,0.9982480406761168
52,2,3,-0.41564854266278234,-1.3751776251928225,0.998628318309784
52,2,4,-0.46871005874739285,-1.3486468671505172,0.998390018939972
52,2,5,-0.4775536447614946,-1.3486468671505172,0.9981041550636292
52,2,6,-0.4775536447614946,-1.3398032811364153,0.9983607530593872
52,2,7,-0.3448998545499683,-1.392864797221026,0.997725784778595
52,2,8,-0.43333571469098586,-1.3574904531646188,0.9978607296943665
52,2,9,-0.3891177846204771,-1.2159930769389908,0.9973167777061462
52,2,10,-0.41564854266278234,-1.1983059049107874,0.9975589513778688
52,2,11,-0.07959227412691576,-1.0125905986146506,0.9992356300354004
52,2,12,-0.3448998545499683,-0.9418419105018365,0.9993211030960084
52,2,13,0.1503409622397298,-0.48197543776854546,0.6303991079330444
52,2,14,-0.3537434405640701,-0.39353957762752795,0.5980486273765564
52,2,15,-0.33605626853586656,-0.60578564196597,0.7404480576515198
52,2,16,-0.3979613706345788,-0.5438805398672577,0.6773712038993835
52,2,17,-0.45986647273329107,-0.6146292279800718,0.742698073387146
52,2,18,-0.45986647273329107,-0.5615677118954613,0.6678996086120605
52,2,19,-0.46871005874739285,-0.6676907440646822,0.7426498532295227
52,2,20,-0.46871005874739285,-0.6500035720364787,0.6641793847084045
52,2,21,-0.43333571469098586,-0.6500035720364787,0.7296226620674133
52,2,22,-0.45102288671918933,-0.6588471580505805,0.6533161401748657
52,2,23,0.1326537902115263,-0.02210896503525438,0.9956575036048888
52,2,24,-0.1326537902115263,0.02210896503525438,0.9954746961593628
52,2,25,-0.08843586014101752,0.5792548839236648,0.6746699810028076
52,2,26,-0.41564854266278234,0.7207522601492927,0.6548051834106445
52,2,27,0.026530758042305255,1.3663340391787206,0.6857298016548157
52,2,28,-0.15918454825383152,1.4636134853338398,0.6219294667243958
52,2,29,0.14149737622562802,1.4547698993197382,0.7037558555603027
52,2,30,-0.026530758042305255,1.605110861559468,0.6570959687232971
52,2,31,-0.19455889231023854,1.5697365175030609,0.7150267958641052
52,2,32,-0.3448998545499683,1.6847031356863837,0.6552056670188904
53,1,0,0.16058472061245402,-1.3159025716853872,0.9984582662582396
53,1,1,0.11597785377566124,-1.3961949319916143,0.9980589747428894
53,1,2,0.11597785377566124,-1.4051163053589728,0.9980048537254332
53,1,3,0.11597785377566124,-1.4140376787263313,0.9984223246574402
53,1,4,0.09813510704094412,-1.3961949319916143,0.9981539249420166
53,1,5,0.08029236030622701,-1.3872735586242555,0.9977744221687316
53,1,6,0.05352824020415134,-1.3872735586242555,0.9980562925338744
53,1,7,0.017842746734717113,-1.4140376787263313,0.9975123405456544
53,1,8,-0.05352824020415134,-1.3872735586242555,0.9976050853729248
53,1,9,0.16058472061245402,-1.2534529581138774,0.9971421957015992
53,1,10,0.13382060051037836,-1.2445315847465186,0.9975467324256896
53,1,11,0.062449613571509896,-1.0214972505625548,0.9992353916168212
53,1,12,-0.1427419738777369,-0.976890383725762,0.9993588328361512
53,1,13,0.20519158744924682,-0.512978968623117,0.6006486415863037
53,1,14,-0.05352824020415134,-0.39700111484745576,0.6367060542106628
53,1,15,0.36577630806170086,-0.7895415430112322,0.7303755283355713
53,1,16,0.35685493469434226,-0.7449346761744395,0.7076403498649597
53,1,17,0.47283278847000354,-0.7806201696438737,0.7309130430221558
53,1,18,0.47283278847000354,-0.8341484098480251,0.6975342035293579
53,1,19,0.4549900417352864,-0.896598023419535,0.7302131652832031
53,1,20,0.4193045482658522,-0.9233621435216106,0.6938616037368774
53,1,21,0.41038317489849363,-0.8876766500521764,0.716413140296936
53,1,22,0.3746976814290594,-0.9055193967868935,0.6818876266479492
53,1,23,0.08029236030622701,-0.013382060051037835,0.9937021732330322
53,1,24,-0.08029236030622701,0.013382060051037835,0.9942673444747924
53,1,25,0.41038317489849363,0.5397430887251927,0.6174131035804749
53,1,26,0.21411296081660536,0.7449346761744395,0.6459682583808899
53,1,27,0.32116944122490804,1.1463964777055746,0.6223313212394714
53,1,28,0.08921373367358557,1.5121727857672753,0.589666485786438
53,1,29,0.22303433418396393,1.2266888380118015,0.6425464749336243
53,1,30,-0.017842746734717113,1.6459933862776537,0.632491946220398
53,1,31,0.35685493469434226,1.3248239450527457,0.6518094539642334
53,1,32,0.21411296081660536,1.6906002531144466,0.6237286925315857
53,2,0,-0.37883317716876885,-1.2641961080800488,0.9986002445220948
53,2,1,-0.3703200720638527,-1.3493271591292104,0.9982377886772156
53,2,2,-0.3532938618540204,-1.3578402642341265,0.9981893301010132
53,2,3,-0.3362676516441881,-1.3663533693390426,0.9985687732696532
53,2,4,-0.4043724924835173,-1.332300948919378,0.9983201026916504
53,2,5,-0.4043724924835173,-1.332300948919378,0.997973084449768
53,2,6,-0.4213987026933496,-1.332300948919378,0.998226523399353
53,2,7,-0.2937021261196073,-1.3748664744439587,0.9977531433105468
53,2,8,-0.387346282273685,-1.340814054024294,0.9978070855140686
53,2,9,-0.3107283363294396,-1.213117477450552,0.9974120259284972
53,2,10,-0.34478075674910424,-1.1960912672407196,0.9977168440818788
53,2,11,-0.021282762762290384,-1.0173160600374804,0.9993104338645936
53,2,12,-0.2937021261196073,-0.9577243243030673,0.9992704391479492
53,2,13,0.1489793393360327,-0.5065297537425112,0.6403883099555969
53,2,14,-0.32775454653927194,-0.4554511231130142,0.5860716700553894
53,2,15,-0.2937021261196073,-0.5576083843720081,0.7568244338035583
53,2,16,-0.34478075674910424,-0.6938180660506665,0.6698498129844666
53,2,17,-0.4213987026933496,-0.498016648637595,0.7563651204109192
53,2,18,-0.42991180779826577,-0.7874622222047443,0.6593555808067322
53,2,19,-0.42991180779826577,-0.6172001201064211,0.7555641531944275
53,2,20,-0.4384249129031819,-0.830027747729325,0.6544646620750427
53,2,21,-0.39585938737860116,-0.6512525405260857,0.7419314384460449
53,2,22,-0.41288559758843346,-0.830027747729325,0.6435057520866394
53,2,23,0.14046623423111654,-0.004256552552458077,0.994268536567688
53,2,24,-0.14046623423111654,0.004256552552458077,0.9947375059127808
53,2,25,0.03830897297212269,0.7363835915752472,0.6539985537528992
53,2,26,-0.44693801800809807,0.6853049609457503,0.6663310527801514
53,2,27,0.07236139339178731,1.1960912672407196,0.6572654843330383
53,2,28,-0.19154486486061345,1.3578402642341265,0.6120907068252563
53,2,29,0.22559728528027806,1.3578402642341265,0.6696394085884094
53,2,30,-0.20857107507044576,1.5195892612275335,0.6498024463653564
53,2,31,-0.046822078077038844,1.4770237357029528,0.6825718283653259
53,2,32,-0.5490952792670919,1.5621547867521142,0.6422203183174133
54,1,0,0.21551523935197736,-1.2974017408989036,0.9985323548316956
54,1,1,0.17241219148158188,-1.3836078366396947,0.9981111884117126
54,1,2,0.1637915819075028,-1.3836078366396947,0.9980655908584596
54,1,3,0.1637915819075028,-1.3922284462137737,0.9984992742538452
54,1,4,0.1551709723334237,-1.3749872270656156,0.9981687664985656
54,1,5,0.1379297531852655,-1.3663666174915365,0.9977193474769592
54,1,6,0.12068853403710732,-1.3663666174915365,0.9980160593986512
54,1,7,0.08620609574079094,-1.3922284462137737,0.9976844787597656
54,1,8,0.025861828722237284,-1.3577460079174573,0.9976494312286376
54,1,9,0.20689462977789827,-1.23705747388035,0.9973756074905396
54,1,10,0.18965341062974006,-1.2284368643062709,0.9977505803108216
54,1,11,0.08620609574079094,-1.0215422345283727,0.9993382096290588
54,1,12,-0.07758548616671185,-0.9784391866579772,0.9993100762367249
54,1,13,0.18103280105566097,-0.5129262696577062,0.6114163994789124
54,1,14,-0.01724121914815819,-0.4439613930650734,0.6258213520050049
54,1,15,0.3534449925372429,-0.8060269951763953,0.7577383518218994
54,1,16,0.4051686499817174,-0.7629239473059999,0.7007994055747986
54,1,17,0.4396510882780338,-0.874991871769028,0.7564243078231812
54,1,18,0.5258571840188248,-0.8318888238986326,0.6897172927856445
54,1,19,0.4310304787039547,-0.9267155292135026,0.754757821559906
54,1,20,0.4482716978521129,-0.9439567483616608,0.6848012804985046
54,1,21,0.38792743083355924,-0.9094743100653444,0.7400910258293152
54,1,22,0.4051686499817174,-0.9267155292135026,0.6725738644599915
54,1,23,0.025861828722237284,-0.012930914361118642,0.9926441311836244
54,1,24,-0.025861828722237284,0.012930914361118642,0.992457151412964
54,1,25,0.37068621168540106,0.5387880983799433,0.5980216860771179
54,1,26,0.3362037733890847,0.693959070713367,0.6518563628196716
54,1,27,0.22413584892605645,1.0560246728246891,0.5969236493110657
54,1,28,0.11206792446302823,1.3922284462137737,0.5760242342948914
54,1,29,0.1379297531852655,1.14223076856548,0.6132025122642517
54,1,30,-0.008620609574079095,1.504296370676802,0.6269265413284302
54,1,31,0.3189625542409265,1.1853338164358755,0.6225777268409729
54,1,32,0.20689462977789827,1.5818818568435138,0.6068122982978821
54,2,0,-0.3899635624086795,-1.2716203122022158,0.9986653923988342
54,2,1,-0.3899635624086795,-1.3563949996823634,0.9982815980911256
54,2,2,-0.37300862491264997,-1.3648724684303781,0.998239040374756
54,2,3,-0.3560536874166204,-1.373349937178393,0.9986342787742616
54,2,4,-0.4153959686527238,-1.3394400621863338,0.9983315467834472
54,2,5,-0.4153959686527238,-1.3394400621863338,0.9979208707809448
54,2,6,-0.4238734374007386,-1.3394400621863338,0.9981913566589355
54,2,7,-0.28823393743250225,-1.373349937178393,0.9979044198989868
54,2,8,-0.36453115616463516,-1.3394400621863338,0.9978414177894592
54,2,9,-0.3306212811725761,-1.2207554997141272,0.997612237930298
54,2,10,-0.3560536874166204,-1.2038005622180976,0.9978742003440856
54,2,11,-0.016954937496029544,-1.0172962497617726,0.9993992447853088
54,2,12,-0.296711406180517,-0.9579539685256692,0.9992393255233764
54,2,13,0.12716203122022157,-0.5086481248808863,0.6498695611953735
54,2,14,-0.296711406180517,-0.4493058436447829,0.577924370765686
54,2,15,-0.3051888749285318,-0.5849453436130192,0.7804433703422546
54,2,16,-0.34757621866860566,-0.7121073748332408,0.6577110290527344
54,2,17,-0.4323509061487534,-0.5595129373689749,0.7767704129219055
54,2,18,-0.4408283748967681,-0.779927124817359,0.645601749420166
54,2,19,-0.4323509061487534,-0.6951524373372113,0.7748295068740845
54,2,20,-0.4493058436447829,-0.8986116872895658,0.6399964690208435
54,2,21,-0.39844103115669427,-0.703629906085226,0.7591515779495239
54,2,22,-0.4153959686527238,-0.856224343549492,0.629606306552887
54,2,23,0.12716203122022157,-0.008477468748014772,0.9932582378387452
54,2,24,-0.12716203122022157,0.008477468748014772,0.9931039214134216
54,2,25,-0.09325215622816249,0.6103777498570636,0.634911835193634
54,2,26,-0.4238734374007386,0.6697200310931669,0.660213053226471
54,2,27,-0.059342281236103404,1.110548405989935,0.6303492784500122
54,2,28,-0.2119367187003693,1.3987823434224373,0.5968763828277588
54,2,29,0.04238734374007386,1.2377104372101566,0.6373156309127808
54,2,30,-0.11020709372419203,1.5344218433906738,0.6428743004798889
54,2,31,-0.13563949996823635,1.407259812170452,0.6525960564613342
54,2,32,-0.46626078114081243,1.5852866558787624,0.6243588328361511
55,1,0,0.1723353660828518,-1.3140571663817449,0.9987074732780457
55,1,1,0.13786829286628144,-1.3916080811190283,0.9983347654342652
55,1,2,0.12925152456213884,-1.4002248494231708,0.9982922077178956
55,1,3,0.12925152456213884,-1.4002248494231708,0.9986650347709656
55,1,4,0.12063475625799626,-1.3829913128148856,0.9983728528022766
55,1,5,0.11201798795385366,-1.3829913128148856,0.9979779720306396
55,1,6,0.09478445134556848,-1.3829913128148856,0.9982351064682008
55,1,7,0.06893414643314072,-1.3829913128148856,0.9979660511016846
55,1,8,0.01723353660828518,-1.357141007902458,0.997910737991333
55,1,9,0.1551018294745666,-1.2537397882527468,0.9977242350578308
55,1,10,0.14648506117042404,-1.2451230199486043,0.9980053901672364
55,1,11,0.02585030491242777,-1.0124702757367543,0.9993200302124025
55,1,12,-0.0861676830414259,-0.9866199708243265,0.999295711517334
55,1,13,0.18956890269113696,-0.5126977140964841,0.6151638627052307
55,1,14,0.04308384152071295,-0.44376356766334335,0.6181817054748535
55,1,15,0.44807195181541465,-0.8142846047414747,0.7580021023750305
55,1,16,0.4222216469029869,-0.8056678364373322,0.6896659135818481
55,1,17,0.6031737812899813,-0.8746019828704729,0.7538537383079529
55,1,18,0.49977256164027023,-0.9004522877829007,0.6771612763404846
55,1,19,0.5600899397692684,-0.9263025926953284,0.7513123154640198
55,1,20,0.46530548842369984,-0.9780032025201839,0.6716942191123962
55,1,21,0.47392225672784244,-0.934919360999471,0.7359318733215332
55,1,22,0.4394551835112721,-0.9435361293036136,0.6596647500991821
55,1,23,0.06031737812899813,-0.012925152456213885,0.9926010966300964
55,1,24,-0.06031737812899813,0.012925152456213885,0.992747128009796
55,1,25,0.48253902503198504,0.3231288114053471,0.6028714776039124
55,1,26,0.11201798795385366,0.788434299829047,0.6813505291938782
55,1,27,0.37913780538227393,0.9090690560870432,0.5903555154800415
55,1,28,-0.03446707321657036,1.5897937521143077,0.6172588467597961
55,1,29,0.4049881102947017,1.0038535074326118,0.6040391325950623
55,1,30,-0.1723353660828518,1.7190452766764466,0.6521508097648621
55,1,31,0.629024086202409,1.0038535074326118,0.6217246651649475
55,1,32,0.2671198174284203,1.7276620449805893,0.6372337937355042
55,2,0,-0.4006011023594793,-1.2549442696363282,0.9988000988960266
55,2,1,-0.39242556965826547,-1.3366995966484667,0.9984495043754578
55,2,2,-0.3842500369570516,-1.3448751293496806,0.9984124898910522
55,2,3,-0.37607450425583777,-1.3530506620508944,0.9987470507621764
55,2,4,-0.4087766350606932,-1.3285240639472529,0.9984835982322692
55,2,5,-0.4006011023594793,-1.3285240639472529,0.9981319904327391
55,2,6,-0.4006011023594793,-1.3285240639472529,0.9983608722686768
55,2,7,-0.35154790615219617,-1.3530506620508944,0.998142957687378
55,2,8,-0.4006011023594793,-1.3285240639472529,0.9980744123458862
55,2,9,-0.35154790615219617,-1.205891073429045,0.99792742729187
55,2,10,-0.36789897155462387,-1.1895400080266172,0.9981189370155334
55,2,11,-0.049053196207283184,-1.0015027558986984,0.9993856549263
55,2,12,-0.2943191772436991,-0.9688006250938429,0.9993208050727844
55,2,13,0.12263299051820796,-0.5109707938258665,0.6531201601028442
55,2,14,-0.30249470994491295,-0.45374206491736946,0.5743088126182556
55,2,15,-0.3351968407497684,-0.6090771862404328,0.7804399132728577
55,2,16,-0.4333032331643348,-0.5600239900331497,0.655744194984436
55,2,17,-0.46600536396919023,-0.5927261208380051,0.7744626402854919
55,2,18,-0.5314096255789011,-0.5191463265270804,0.6437736749649048
55,2,19,-0.47418089667040414,-0.7071835786549993,0.7718051075935364
55,2,20,-0.5314096255789011,-0.5845505881367913,0.6384046673774719
55,2,21,-0.4414787658655487,-0.7153591113562131,0.7549383044242859
55,2,22,-0.49053196207283184,-0.6172527189416468,0.6277289986610413
55,2,23,0.13080852321942182,0.004087766350606932,0.9932230114936828
55,2,24,-0.13080852321942182,-0.004087766350606932,0.9933083653450012
55,2,25,0.008175532701213864,0.723534644057427,0.6388264894485474
55,2,26,-0.49053196207283184,0.6663059151489299,0.6798090934753418
55,2,27,0.09810639241456637,1.4266304563618193,0.6236582398414612
55,2,28,-0.482356429371618,1.3366995966484667,0.6281329989433289
55,2,29,0.24526598103641592,1.5492634468800273,0.6196643114089966
55,2,30,-0.44965429856676253,1.4756836525691024,0.6621095538139343
55,2,31,0.1389840559206357,1.5410879141788134,0.6497799158096313
55,2,32,-0.7685000739141032,1.4756836525691024,0.6500543355941772
56,1,0,0.1083690859781206,-1.279588822895501,0.9986841678619384
56,1,1,0.08336083536778509,-1.346277491189729,0.9982486367225648
56,1,2,0.08336083536778509,-1.3546135747265076,0.9981675148010254
56,1,3,0.07502475183100657,-1.3546135747265076,0.9985781908035278
56,1,4,0.06668866829422807,-1.346277491189729,0.998307168483734
56,1,5,0.05001650122067105,-1.346277491189729,0.9979324340820312
56,1,6,0.041680417683892544,-1.346277491189729,0.9982231855392456
56,1,7,0.025008250610335524,-1.346277491189729,0.997791826725006
56,1,8,-0.025008250610335524,-1.329605324116172,0.9978825449943542
56,1,9,0.1000330024413421,-1.212900154601273,0.9976937174797058
56,1,10,0.07502475183100657,-1.212900154601273,0.9980089664459229
56,1,11,-0.03334433414711403,-0.9878258991082532,0.9992106556892396
56,1,12,-0.14171342012523463,-1.0044980661818101,0.9993680715560912
56,1,13,0.09169691890456359,-0.47932480336476424,0.5971319675445557
56,1,14,0.03334433414711403,-0.4459804692176502,0.6150943636894226
56,1,15,0.25008250610335525,-0.6793908082474485,0.7206650972366333
56,1,16,0.35011550854469736,-0.8127681448359045,0.6870502829551697
56,1,17,0.36678767561825437,-0.7794238106887905,0.7192277908325195
56,1,18,0.4668206780595965,-0.8794568131301326,0.6744992136955261
56,1,19,0.33344334147114035,-0.804432061299126,0.7167990803718567
56,1,20,0.4501485109860395,-0.9294733143508037,0.6692470908164978
56,1,21,0.3084350908608048,-0.7960959777623475,0.7015023231506348
56,1,22,0.4084680933021469,-0.9211372308140252,0.6568766832351685
56,1,23,0.05835258475744956,-0.004168041768389254,0.9918821454048156
56,1,24,-0.05835258475744956,0.004168041768389254,0.9923800826072692
56,1,25,0.458484594522818,0.6043660564164418,0.5956113934516907
56,1,26,0.11670516951489912,0.737743393004898,0.6926103234291077
56,1,27,0.3917959262285899,1.1712197369173805,0.574556291103363
56,1,28,-0.06668866829422807,1.5380074125356349,0.6308528184890747
56,1,29,0.26675467317691226,1.246244488748387,0.5776224136352539
56,1,30,-0.22507425549301974,1.6630486655873125,0.6557713150978088
56,1,31,0.508501095743489,1.346277491189729,0.6081362366676331
56,1,32,0.17505775427234868,1.6797208326608695,0.650072455406189
56,2,0,-0.41090194912875333,-1.220500838996297,0.9987794756889344
56,2,1,-0.41090194912875333,-1.3018675615960502,0.9983830451965332
56,2,2,-0.40276527686877805,-1.3100042338560256,0.9983068108558656
56,2,3,-0.3946286046088027,-1.3181409061160008,0.9986819624900818
56,2,4,-0.41903862138872866,-1.2937308893360748,0.9984310865402222
56,2,5,-0.41903862138872866,-1.2937308893360748,0.9980928301811218
56,2,6,-0.41903862138872866,-1.2937308893360748,0.9983599781990052
56,2,7,-0.34580857104895085,-1.3262775783759762,0.9979841709136964
56,2,8,-0.3864919323488274,-1.3100042338560256,0.99803364276886
56,2,9,-0.34580857104895085,-1.1716808054364451,0.9978798031806946
56,2,10,-0.36208191556890146,-1.1554074609164946,0.9980950355529784
56,2,11,-0.061025041949814854,-0.9926740157169883,0.9992834329605104
56,2,12,-0.24003183166927175,-0.9845373434570129,0.9993172883987428
56,2,13,-0.028478352909913598,-0.4800636633385435,0.6364914774894714
56,2,14,-0.17493845358946924,-0.4637903188185929,0.5617431402206421
56,2,15,-0.3702185878288768,-0.5939770749781978,0.7452163100242615
56,2,16,-0.30512520974907426,-0.5695670581982719,0.6288663148880005
56,2,17,-0.4841319994685312,-0.5695670581982719,0.7404892444610596
56,2,18,-0.43531196590867927,-0.5126103523784448,0.6190853714942932
56,2,19,-0.49226867172850647,-0.6427971085380498,0.7378731369972229
56,2,20,-0.40276527686877805,-0.5777037304582473,0.6144059896469116
56,2,21,-0.4597219826886052,-0.675343797577951,0.720585823059082
56,2,22,-0.3702185878288768,-0.6183870917581239,0.6044670343399048
56,2,23,0.0935717309897161,0.008136672259975313,0.9924210906028748
56,2,24,-0.0935717309897161,-0.008136672259975313,0.9926959872245787
56,2,25,-0.08543505872974079,0.7648471924376795,0.6235812306404114
56,2,26,-0.3295352265290002,0.7323005033977782,0.6518754959106445
56,2,27,-0.028478352909913598,1.4727376790555318,0.5898348689079285
56,2,28,-0.4434486381686546,1.4971476958354577,0.6042764782905579
56,2,29,0.07729838646976549,1.578514418435211,0.5811331272125244
56,2,30,-0.46785865494858053,1.6110611074751122,0.6326139569282532
56,2,31,-0.22375848714932112,1.6436077965150133,0.6201644539833069
56,2,32,-0.6550021169280128,1.6761544855549146,0.6264210939407349
57,1,0,0.041576537496303176,-1.2514537786387254,0.9988729953765868
57,1,1,0.024945922497781905,-1.3179762386328107,0.9985177516937256
57,1,2,0.024945922497781905,-1.3179762386328107,0.9984435439109802
57,1,3,0.024945922497781905,-1.3262915461320712,0.9987918734550476
57,1,4,0.008315307499260636,-1.3179762386328107,0.9985582828521729
57,1,5,0.0,-1.3179762386328107,0.9982436895370485
57,1,6,-0.008315307499260636,-1.3179762386328107,0.9984917640686036
57,1,7,0.0,-1.3346068536313318,0.9981472492218018
57,1,8,-0.04989184499556381,-1.3179762386328107,0.9982016086578368
57,1,9,0.041576537496303176,-1.193246626143901,0.9980382919311525
57,1,10,0.024945922497781905,-1.193246626143901,0.9982430338859558
57,1,11,-0.10809899749038825,-0.9853639386623853,0.9992835521697998
57,1,12,-0.11641430498964889,-1.0019945536609065,0.9993748068809508
57,1,13,0.07483776749334571,-0.5197067187037897,0.589594841003418
57,1,14,0.09146838249186698,-0.4531842587097046,0.6021639108657837
57,1,15,0.26608983997634034,-0.8606343261734757,0.7145371437072754
57,1,16,0.29935106997338284,-0.8356884036756937,0.6600719094276428
57,1,17,0.3658735299674679,-0.9437874011660821,0.714981734752655
57,1,18,0.37418883746672854,-0.9022108636697789,0.6483452320098877
57,1,19,0.34092760746968603,-0.968733323663864,0.7118140459060669
57,1,20,0.34092760746968603,-0.9354720936668214,0.643601655960083
57,1,21,0.30766637747264347,-0.9437874011660821,0.6963081955909729
57,1,22,0.30766637747264347,-0.9188414786683001,0.6324537992477417
57,1,23,0.008315307499260636,-0.004157653749630318,0.9926735162734984
57,1,24,-0.008315307499260636,0.004157653749630318,0.9929856657981871
57,1,25,0.41576537496303173,0.6693822536904811,0.5872139930725098
57,1,26,0.22451330248003715,0.78579655868013,0.6700851917266846
57,1,27,0.30766637747264347,1.2265078561409437,0.551991879940033
57,1,28,-0.041576537496303176,1.6090120011069329,0.6200721263885498
57,1,29,0.22451330248003715,1.3096609311335499,0.549591064453125
57,1,30,-0.17462145748447333,1.7337416135958423,0.6416925191879272
57,1,31,0.432395989961553,1.401129313625417,0.5906557440757751
57,1,32,0.1912520724829946,1.7836334585914062,0.6402004361152649
57,2,0,-0.4335680826870588,-1.199403294162331,0.998971700668335
57,2,1,-0.4335680826870588,-1.2723399809694997,0.9986538887023926
57,2,2,-0.41735993006324357,-1.2804440572814073,0.998585283756256
57,2,3,-0.4092558537513359,-1.288548133593315,0.9989011883735656
57,2,4,-0.4416721589989665,-1.2642359046575922,0.998687982559204
57,2,5,-0.4416721589989665,-1.2642359046575922,0.9984038472175598
57,2,6,-0.4416721589989665,-1.2723399809694997,0.9986303448677064
57,2,7,-0.34442324325607476,-1.3047562862171302,0.9983234405517578
57,2,8,-0.39304770112752063,-1.288548133593315,0.9983605742454528
57,2,9,-0.3687354721917977,-1.150778836290885,0.9982154965400696
57,2,10,-0.384943624815613,-1.13457068366707,0.998377561569214
57,2,11,-0.08509280127503024,-0.99680138636464,0.9993506669998168
57,2,12,-0.21475802226555252,-0.9805932337408246,0.9993703365325928
57,2,13,-0.0769887249631226,-0.5024527313382738,0.6297565698623657
57,2,14,-0.19044579332982958,-0.4619323497787356,0.5558946132659912
57,2,15,-0.384943624815613,-0.6483261049526113,0.739633321762085
57,2,16,-0.3687354721917977,-0.6321179523287961,0.6135900616645813
57,2,17,-0.4902966168704123,-0.6321179523287961,0.7364833950996399
57,2,18,-0.47408846424659706,-0.6078057233930731,0.6035958528518677
57,2,19,-0.4902966168704123,-0.6969505628240572,0.7332640290260315
57,2,20,-0.45788031162278175,-0.656430181264519,0.5987952947616577
57,2,21,-0.4659843879346894,-0.7131587154478725,0.7164601683616638
57,2,22,-0.4335680826870588,-0.6726383338883343,0.5895200371742249
57,2,23,0.05267649602739967,0.0,0.99325829744339
57,2,24,-0.05267649602739967,0.0,0.9934275150299072
57,2,25,-0.22286209857746014,0.7779913259431336,0.6144856810569763
57,2,26,-0.14182133545838374,0.769887249631226,0.6197969317436218
57,2,27,-0.06888464865121495,1.515462270326729,0.5647749304771423
57,2,28,-0.3768395485037053,1.5316704229505442,0.578612744808197
57,2,29,0.05267649602739967,1.6370234150053435,0.5640506744384766
57,2,30,-0.34442324325607476,1.653231567629159,0.6086927652359009
57,2,31,-0.28769470907272127,1.6937519491886972,0.6023815870285034
57,2,32,-0.5227129221180429,1.7099601018125123,0.6049436926841736
58,1,0,-0.008071737516917121,-1.2147964962960267,0.9990477561950684
58,1,1,-0.024215212550751365,-1.2793703964313636,0.998764991760254
58,1,2,-0.024215212550751365,-1.2793703964313636,0.9986972808837892
58,1,3,-0.024215212550751365,-1.2874421339482809,0.9989898204803468
58,1,4,-0.032286950067668484,-1.2793703964313636,0.9987929463386536
58,1,5,-0.04843042510150273,-1.2793703964313636,0.9985299706459044
58,1,6,-0.056502162618419845,-1.2874421339482809,0.9987397193908693
58,1,7,-0.040358687584585606,-1.303585608982115,0.998451828956604
58,1,8,-0.08878911268608833,-1.2874421339482809,0.9985036253929138
58,1,9,-0.016143475033834242,-1.1582943336776068,0.9983426928520204
58,1,10,-0.032286950067668484,-1.1582943336776068,0.9985024929046632
58,1,11,-0.12107606275375682,-0.9887878458223474,0.9993342161178588
58,1,12,-0.17757822537217666,-0.9887878458223474,0.9994242191314696
58,1,13,0.040358687584585606,-0.5286988073580714,0.5795125365257263
58,1,14,0.032286950067668484,-0.4641249072227345,0.597287118434906
58,1,15,0.1533630128214253,-0.8596400455516734,0.6998276114463806
58,1,16,0.19372170040601092,-0.835424833000922,0.6467229723930359
58,1,17,0.24215212550751364,-0.9403574207208446,0.7028318643569946
58,1,18,0.266367338058265,-0.899998733136259,0.6353054046630859
58,1,19,0.21793691295676226,-0.9565008957546788,0.6999231576919556
58,1,20,0.2340803879905965,-0.9242139456870103,0.630744457244873
58,1,21,0.18564996288909377,-0.9403574207208446,0.685556173324585
58,1,22,0.20986517543984515,-0.9161422081700932,0.6201794743537903
58,1,23,0.040358687584585606,-0.0040358687584585605,0.9936345219612122
58,1,24,-0.040358687584585606,0.0040358687584585605,0.9937810897827148
58,1,25,0.3955151383289389,0.7304922452809994,0.5884473919868469
58,1,26,0.16143475033834243,0.7869944078994193,0.646007239818573
58,1,27,0.2986542881259335,1.4569486218035403,0.5444412231445312
58,1,28,-0.08878911268608833,1.6183833721418828,0.6049563884735107
58,1,29,0.28251081309209924,1.56995294704038,0.5456497669219971
58,1,30,-0.19372170040601092,1.7394594348956396,0.6205486059188843
58,1,31,0.53273467611653,1.6506703222095511,0.5941689610481262
58,1,32,0.1533630128214253,1.7959615975140595,0.6289399862289429
58,2,0,-0.4341996263581051,-1.1644444525058273,0.9991369843482972
58,2,1,-0.42630508769704867,-1.2354953004553355,0.99888277053833
58,2,2,-0.41841054903599223,-1.243389839116392,0.998820960521698
58,2,3,-0.4026214717138793,-1.2512843777774483,0.9990857243537904
58,2,4,-0.4420941650191616,-1.227600761794279,0.9989070296287536
58,2,5,-0.4420941650191616,-1.2354953004553355,0.998668909072876
58,2,6,-0.4341996263581051,-1.2354953004553355,0.998859405517578
58,2,7,-0.3394651624254276,-1.2749679937606178,0.9986021518707277
58,2,8,-0.38683239439176637,-1.2591789164385048,0.9986404180526732
58,2,9,-0.3710433170696535,-1.1170772205394885,0.9984976053237916
58,2,10,-0.38683239439176637,-1.1012881432173758,0.998629093170166
58,2,11,-0.08683992527162103,-1.0065536792846983,0.9993956685066224
58,2,12,-0.2368361598316937,-0.9670809859794159,0.999410092830658
58,2,13,-0.04736723196633874,-0.5170922822991979,0.620894730091095
58,2,14,-0.19736346652641143,-0.46972505033285916,0.5595894455909729
58,2,15,-0.3710433170696535,-0.6355103622150448,0.7274476289749146
58,2,16,-0.3789378557307099,-0.6197212848929319,0.6106078624725342
58,2,17,-0.4736723196633874,-0.6118267462318754,0.7271956205368042
58,2,18,-0.46577778100233097,-0.6039322075708189,0.5997864603996277
58,2,19,-0.48156685832444385,-0.674983055520327,0.7241750359535217
58,2,20,-0.4578832423412745,-0.6434049008761012,0.5950255990028381
58,2,21,-0.4578832423412745,-0.69077213284244,0.7093468308448792
58,2,22,-0.41841054903599223,-0.6670885168592706,0.5862769484519958
58,2,23,0.07105084794950811,-0.003947269330528229,0.9940870404243468
58,2,24,-0.07105084794950811,0.003947269330528229,0.9941373467445374
58,2,25,-0.1815743892042985,0.8012956740972303,0.6127203702926636
58,2,26,-0.13420715723795976,0.7855065967751175,0.6011092662811279
58,2,27,-0.2605197758148631,1.5828550015418195,0.5608306527137756
58,2,28,-0.03157815464422583,1.5512768468975937,0.5712565183639526
58,2,29,-0.21315254384852433,1.69337854279661,0.5692326426506042
58,2,30,0.0552617706273952,1.677589465474497,0.5954171419143677
58,2,31,-0.48156685832444385,1.7249566974408357,0.6075247526168823
58,2,32,-0.19736346652641143,1.7328512361018922,0.5973638296127319
